*vertices 4470
   13
    1
    3
   14
   36
   21
   11
   52
   19
  100
    7
    0
    0
    0
  135
   16
    7
   10
   16
    0
    2
    0
    6
  189
   89
   47
    0
    0
   26
    7
   18
   35
    5
    3
    0
    2
   43
   10
    9
   10
    0
    1
    0
  146
    3
    0
    2
   30
  255
    6
    1
    4
    1
    9
    1
    4
   45
  376
   31
    8
    1
    0
    7
   15
   60
  305
  113
    2
   19
    1
    1
    3
   28
   96
    1
   54
  108
   10
   34
   12
    2
    7
   97
   44
   68
    1
    1
   89
   90
   15
    2
    2
   14
   51
   43
   10
    8
    1
   28
   12
    4
    1
  268
 1172
   21
    2
    2
  563
   76
    3
   99
    4
    3
    0
   10
  260
    0
  348
    4
    4
  125
 3078
    4
  125
    0
    0
   15
    9
  185
    3
    3
    0
    4
   42
  102
  268
   24
    9
    3
    4
   30
  231
   22
    8
    0
    0
   49
   29
    1
   12
   10
    1
    4
    7
    3
    7
    0
    4
   87
   12
    3
    0
    0
    0
    0
    0
    0
   27
   72
    0
    0
    3
    0
    8
   31
  257
   20
  121
  232
    0
    0
   12
    8
   33
   22
   15
   14
    1
    4
  140
  292
    2
   66
   14
    0
    0
    0
  374
   56
    8
    4
    2
    1
   20
    3
   32
   54
    0
   59
   48
   15
   73
   13
   40
   32
    0
   10
   27
    5
    6
   40
   87
    7
   19
    6
   41
   22
   11
    2
    0
   16
    1
    2
    2
   35
    0
    2
   28
   38
    0
    7
   16
   14
  162
   60
   64
   32
   38
    5
    8
    1
   18
   95
    3
    2
  101
  299
   93
   17
    4
  471
    5
    0
    1
    1
   30
    9
    8
    1
   37
   10
   78
   15
    7
    6
   10
    4
    8
    4
   35
  148
  125
   42
   11
   33
   43
   55
   14
   73
    2
   22
   51
    5
   54
  460
    0
    0
   43
    1
   15
   32
    6
    8
   38
   15
    2
   21
    2
    7
  216
   25
  441
   23
  104
   24
   34
    0
    0
    7
   10
  242
   16
   20
    0
    1
   67
    4
    3
    1
   13
    2
   29
    5
    0
    0
    0
    0
  232
    0
    0
  193
   21
    4
   89
   50
   76
   33
   60
   22
   18
   11
  136
  298
    3
   72
   79
    2
   34
   81
    0
    4
    5
   18
    1
    5
  228
    4
  165
  247
    3
    0
    0
    3
   10
  199
    0
    1
    1
    2
    5
    0
    2
   28
   10
    4
   34
   26
    4
   25
  100
    6
   24
   32
    1
    1
   15
    5
    4
   15
   37
    1
   65
   15
   76
  152
    4
  135
    0
   26
    8
   23
    3
   11
    5
  213
    1
  435
  222
    7
   31
   22
  195
    6
    3
   16
    0
    0
    3
    3
   24
    1
  189
   15
   34
  102
    0
  435
  218
   14
    1
   10
   60
   30
   19
   35
   16
    1
    0
    0
  212
  307
  133
   68
   37
   72
   18
   54
   46
   66
    9
    0
    4
   30
    7
   50
   34
   36
   21
    9
    1
   25
   69
  194
    3
   33
    1
   98
  251
   71
    2
    0
    1
    4
    4
    1
    0
   86
   34
    0
   64
   12
   12
   33
    6
   25
   14
    4
    5
    5
    6
   33
    2
  208
   11
   12
    0
   13
   53
    7
    6
    0
    3
    0
    5
   16
  194
    3
   18
    1
   12
    9
    2
    0
    2
    2
    3
    0
   33
    2
    7
   69
   24
   41
   24
   33
    7
   58
   70
    0
    5
    1
    2
    2
    1
    0
    5
   13
   18
   72
   54
    4
    9
    6
    6
    5
   13
   78
    3
    0
   12
   11
    9
   21
   11
   22
  148
   18
    4
    3
    5
   93
   32
   36
    2
   55
   83
    1
   21
    2
    4
    8
    1
    1
    0
    3
   64
   50
   39
    6
    3
    2
    4
   28
   22
   17
   11
   18
   25
    2
   43
   32
    6
    4
    3
    5
   23
   10
    7
    2
    2
    0
    0
    0
    0
  258
   25
   64
    8
    6
   70
   13
    4
  119
   60
  191
   54
  214
    1
    5
    9
   11
    5
    3
    1
    6
   12
   26
    3
    4
    5
    1
    0
    7
    5
    4
    9
    3
    2
    1
    2
    3
    3
    2
    4
   35
   13
   24
   19
    6
  154
   16
   15
    1
    0
    3
    0
    7
   11
   22
    2
    0
   61
   15
   31
    3
    1
   16
   35
  206
    4
   30
   16
    1
    4
   13
    1
   18
   19
   11
    0
   17
    1
   36
    0
    0
    1
   49
   12
    1
    6
   24
    7
    2
   15
    6
    9
   19
   11
   14
   69
    1
    4
   78
    4
    2
   73
    9
    5
   16
   19
    3
    2
   33
    0
    5
    4
  228
   66
    1
    2
    0
    0
   27
    1
    0
   37
    4
   13
    4
   36
   16
    1
   74
    3
   23
    9
    4
   22
   28
  125
  104
   13
    5
   31
    2
    2
   34
    2
    5
    0
    7
    5
    2
    0
   28
    2
   51
   11
   13
    3
    7
    0
  296
   15
    2
    7
   63
   17
   53
    1
    0
    0
    0
    0
    1
    0
    0
    0
    0
    4
    1
    1
    0
    0
    4
   53
    7
   94
    0
   19
   12
    5
   85
   17
  114
    4
    2
   12
    0
    7
    4
    8
    5
    5
    1
   21
    3
    8
    2
   10
    4
    0
    0
   19
    1
    3
    3
    1
    4
   25
    3
    1
    6
    5
    7
    8
    2
   13
    3
  310
   51
  497
  439
   51
   17
    9
   12
   86
   52
   27
    3
   10
   74
  244
    8
  224
   64
   48
    3
    0
    0
    1
    0
    6
   13
    4
    4
   13
   16
   63
   15
    0
    5
    0
  296
    9
    0
    0
    0
   57
    1
    1
    1
    4
    0
    0
    0
    6
    5
    7
   27
   20
   17
    6
    8
    9
    1
    0
   15
   12
    1
    0
   58
   16
   14
    8
   63
   21
   25
    2
   22
    4
    1
    9
    0
    4
    4
    2
   15
    1
    9
    7
    2
    4
    4
    0
    7
    4
    0
    8
   13
   13
   16
   12
    2
    2
    0
   19
   13
   12
   16
   27
    3
    2
    2
  182
   23
    3
    8
    9
   16
   25
   17
   18
   14
   44
   12
   13
   16
   19
   14
   16
   20
   28
   19
   11
    0
    6
   20
    7
    5
   18
    2
   43
    4
   26
    2
    2
   23
    1
   11
    6
   13
    9
    8
    5
    2
    3
  224
    2
   62
   25
   12
   13
   13
  115
   17
   27
   28
   43
    6
    2
   10
    0
    0
    5
   19
   22
    8
    2
    5
    2
    0
    0
    0
    0
    1
    0
    2
    0
    0
    4
    0
    4
    2
    0
    0
    0
    0
    0
    0
    0
    0
    0
    1
    0
    2
    0
    0
    0
    1
    0
   20
    2
    4
    6
    7
   69
    4
    5
   24
    2
   23
   34
   51
   19
   13
   26
   11
    3
    9
    0
   19
    6
   26
    3
   26
    1
   15
    8
    0
    8
   22
    5
    6
    1
    1
    1
    3
   16
   36
    3
    4
   41
   16
    4
    3
   18
   11
    0
    3
  127
    6
   38
    0
    2
  202
   21
   11
   30
   12
    4
  178
    3
   23
    0
   16
    3
   13
    1
    1
    0
    6
    9
    0
    0
   17
    7
    2
    0
    7
   26
   11
    1
    7
    3
    1
   16
    6
  258
   44
    1
    1
   58
   10
    1
    8
    1
    5
   28
   71
   23
    6
   16
    3
    2
    1
    9
    3
    9
    9
   21
    1
    8
    3
  125
    1
   18
   28
    3
    2
   27
   58
    6
   11
    1
   22
    8
   38
   30
    0
    2
   66
   24
    0
    0
    0
    7
   10
    6
    8
    1
    1
    1
    3
    2
    0
    4
    4
    3
   19
   14
   37
    2
    0
    8
    1
    0
   12
    0
    1
   12
    3
    3
    1
    9
   15
   10
   13
    0
    6
    1
    3
   39
    8
    3
    3
   43
    2
   45
    5
   43
   26
   12
   16
    5
   24
   33
   80
   17
   84
    2
    6
   15
   12
   12
   11
   42
    5
   58
    3
    4
    0
    2
    0
    8
    0
    6
   52
    4
   68
   12
   14
    6
    2
    0
   22
    4
   17
   10
    9
    3
   32
   38
   18
    3
    0
    5
   86
   17
    3
   71
   16
    1
   33
   20
   20
   11
   35
    5
    1
    2
    1
   13
    1
    0
    0
    0
    0
    0
    0
    0
    0
    0
    0
    0
    0
    0
    0
    2
    0
    0
   11
   52
   24
    5
    0
    2
    5
    0
   13
   19
    3
   23
   65
   23
    2
    4
   40
   11
    7
   64
   14
    5
    2
   34
    2
    1
    3
    1
    3
    9
    7
    3
    6
   63
    7
    5
    9
    2
    2
    2
   21
    5
    4
    1
   23
   15
    2
   16
    1
    0
    3
    5
    0
    0
    1
   17
   13
    2
    6
    6
   61
    4
   16
    3
    2
   44
   28
    3
    2
    1
    1
   80
    2
    0
    8
    0
   21
    7
    5
    3
   10
    2
    3
    0
    3
    1
    4
   10
    2
   16
   98
    5
    0
    2
    0
    0
    6
    1
    3
    0
    8
   13
    2
    7
    1
    2
    1
   26
    3
   13
    1
    9
    0
   40
   11
    4
    1
    3
   15
    3
   53
   15
    3
    6
    3
    7
   24
    8
    7
    4
   13
    6
    7
    6
   15
    1
    6
   10
    6
    0
    2
    0
    1
    0
    3
    2
    0
   21
    3
    1
    0
    4
    4
    1
    1
   12
    8
    2
    1
    0
    0
   21
   19
   69
    3
    3
    3
    6
    4
   18
    0
    0
    0
    1
    2
    2
   98
   21
    7
   13
   20
   26
    5
    9
    2
   12
   10
    4
   15
    8
    4
    8
   63
   64
    2
    2
   26
    2
   10
    3
    0
   12
    1
   31
    1
    1
   13
    6
    7
    4
    3
    9
    9
    6
    8
    3
    5
    0
    0
   10
    2
    3
    0
    3
    7
    0
    1
   21
    0
    1
    0
   32
   31
    4
   11
   23
   16
   40
    6
    1
    8
    0
    4
   14
    0
    1
    6
   55
    1
   19
    6
   13
    1
   23
  154
    8
   16
   13
    4
    3
    3
    1
   17
    2
    6
    4
   25
    0
    2
   27
   29
   21
    4
    0
    1
    1
    0
    2
   50
    1
   85
    0
    0
    2
    2
    0
    7
   52
    2
    5
   37
   21
   16
    1
   29
    5
    1
    3
    0
   10
    8
    2
   53
    1
   29
    0
    9
   36
    8
   17
    5
   37
    0
   22
   35
    2
   12
    8
    0
    3
   14
    1
    6
   35
    4
    9
    1
    3
    2
    1
    7
    4
    2
    2
    2
    1
   18
   10
   24
    2
    4
  118
    3
    3
    2
   28
    6
   17
    3
   13
    6
    4
    2
   13
   15
    0
   79
    3
    1
    0
   96
   29
    0
   62
    7
   23
  352
  175
   13
    6
    1
   25
    8
   54
  121
    5
    6
    6
    2
    0
    3
    1
   12
    0
   60
   13
   28
   54
   14
    3
    2
   24
    1
    0
    1
    1
    6
    6
    3
   32
   10
    1
    3
    6
    0
    9
    2
    0
    5
    0
    8
    6
    1
    0
    4
   10
   11
    8
    4
    2
    5
   26
   38
    2
    1
    1
    5
    3
   32
    4
    2
    3
    9
    2
    9
   18
    6
    2
   11
    7
    0
   36
    9
    6
    1
    6
    2
    3
    0
    1
   16
   12
   18
   12
   12
    1
    2
   49
    2
    0
    0
    3
    0
    2
    0
    6
   10
    9
    4
   54
    5
   23
    2
    8
    0
   66
   17
    7
    0
    3
    1
   10
    0
   27
    0
    0
    9
    5
    3
    7
    8
    7
   13
   14
    5
    0
    4
    0
    9
   15
    1
    0
    1
    1
    9
    0
    2
   21
    9
    4
   15
    2
   13
    7
    6
    4
   37
   15
   11
    3
   10
    4
    7
    0
    1
   12
    4
    1
    8
    0
    6
    2
   13
   11
    0
    6
    8
   17
    0
    4
    7
    4
    2
    1
    0
    2
    1
   12
    4
    1
   48
    9
    0
    6
    9
    8
   39
   17
    7
    4
    3
    2
   21
   87
    9
   14
   20
    3
    1
    0
    1
    0
    0
   16
   24
   48
   76
   63
   36
   10
   10
   15
    4
    2
    2
   11
    2
    2
    1
    1
    0
   21
   32
    0
    0
   38
    0
   96
    2
    1
    0
   11
    0
    4
    6
    0
    1
    3
    7
    6
    0
    4
    2
    3
   95
    7
    1
    8
    2
   10
    4
    1
   21
   45
    7
   24
    1
    1
   21
    3
    0
   11
    6
   46
   14
   16
    6
   31
    2
    3
    9
    6
   15
   13
   21
   11
    5
    7
    4
    7
    6
   64
    6
    9
    3
    1
    1
    0
   32
   49
    4
   24
    1
    4
    7
    0
    6
    7
    2
    3
    0
    8
   14
   32
    6
   44
    2
    3
    1
   17
    2
    1
    2
    7
    1
    2
  110
    0
    1
    0
    0
    1
    2
    1
    9
   17
   13
    3
    1
  142
    5
   16
   10
   46
    1
    0
    0
   54
    7
    1
    1
   13
   22
    7
    2
    0
  100
    2
    3
    0
    0
    0
    0
    0
    0
    0
    0
   52
   29
    2
   18
    0
    2
    0
   19
    0
    1
    4
    1
    7
   16
   27
    3
    6
    0
    0
    0
    1
    0
    4
    5
    2
    0
    8
    1
    1
    0
    6
    2
    0
    5
    1
   27
   14
    8
   91
    5
    3
    3
    0
   17
    3
    8
    3
    8
    9
    5
    0
    2
    3
   11
    2
    1
    1
    4
   72
   11
    1
    2
    7
    3
    3
    9
    6
    6
    0
   19
    0
    1
    2
    3
    3
    6
    2
    4
    0
    4
    6
    4
   18
    7
    1
    3
    1
    0
    0
    1
    0
    2
    5
    9
    6
    3
    5
    0
    0
    0
    0
    0
    0
    4
    0
    0
    0
    0
    0
    0
    0
    0
    1
    0
    0
    0
    0
    0
    0
    0
    1
    0
    1
    0
    0
    1
    2
    3
   19
   10
    0
    3
    0
    0
    0
    0
    1
    1
    2
    0
    5
    3
    4
    9
    3
    1
    4
    1
   10
    2
    1
   12
    6
    3
   13
    8
    7
    1
    1
    5
   17
   12
   15
    8
    3
   46
    2
   21
   17
    3
   14
    1
    0
    4
    1
    7
    3
    4
    2
    2
    2
    5
    2
   19
    0
    6
    0
   14
    6
    2
    5
    6
    0
    0
    0
    0
   10
   22
    3
    4
    2
    0
    0
    5
    4
    2
    2
    0
    2
    1
    4
    0
    4
    4
    3
    3
    2
   33
   30
   12
    8
    8
   13
    0
    0
   13
   38
    0
    0
   13
   17
   11
    1
   41
  138
    3
    7
    1
    0
    0
   14
    4
    6
    8
   19
   55
   15
    4
    2
   16
    7
   14
    1
    0
    6
    1
    0
    0
    0
   82
    0
    2
    0
    1
    0
    3
    1
    8
    1
    0
    5
    5
    4
    3
    8
    1
    4
    0
   25
    2
    0
    2
    9
    7
    2
   85
    4
    6
   52
    7
    5
   13
   14
   11
    2
    1
    2
    0
    1
   12
    9
    4
    5
   23
    0
   10
    4
    3
   16
    1
    7
    1
    8
    4
    8
    3
    6
    4
    0
    3
    9
    0
    3
    0
    6
    0
    2
    1
    2
    1
    1
    0
    5
   31
    3
    8
    0
    6
    0
    0
    0
    0
    0
   17
    7
    8
    3
    1
   12
    3
    2
    0
    9
    1
    0
    5
    2
    9
    6
    3
    1
    1
    4
    7
    2
    1
   13
   14
    1
    1
    0
   24
   87
   93
    6
   10
    4
   18
  244
   14
    3
    0
    2
    2
    7
    5
    7
    3
    3
    0
    5
   27
    4
   16
    6
    3
    0
    1
    1
    0
    0
    0
    0
    0
    2
    0
    4
   21
    8
    9
   22
   36
   20
    0
    0
    0
    2
    5
   10
   18
    4
    4
    2
    3
    0
    0
    6
    7
    3
    3
    1
    0
    0
    0
    2
    1
    0
    0
    0
    0
    9
    3
    3
    7
   11
   10
    0
    3
    4
    1
    3
    2
    1
    7
    6
    4
    2
   15
    7
    3
    0
    8
  122
   19
   24
   15
    5
    2
    6
    1
    0
    0
    4
   24
   15
    3
    1
    4
    0
    0
    0
    9
    0
    1
    0
    3
    7
    2
    5
    0
    0
    0
    4
    1
    3
    0
    1
    2
    0
    0
    1
    7
    8
    2
   10
    9
    8
    0
    0
    0
    2
   12
    6
    0
    0
    0
    1
    1
    0
    0
    1
   14
    2
    5
    9
    3
    6
    0
    0
    4
    3
    0
    0
    0
    8
    0
    1
    0
    1
    0
    1
    4
    1
   13
   40
    7
   12
    7
    6
    0
   11
    3
   19
    0
    0
    4
    3
    2
    1
    1
   14
    5
    0
    0
    4
    3
    2
    4
    0
   10
    7
    3
    2
    8
    8
    4
    1
    6
    0
    0
    3
    3
   13
    0
    6
    1
    1
    4
    3
    4
    0
    0
    8
    5
    7
    0
    1
    7
    4
    9
   11
    1
   18
   23
    4
    7
    5
    0
    2
    0
    2
    4
    7
    0
    0
    5
    5
    6
    1
    0
    7
   18
   11
   11
    2
    3
    1
    0
    3
    0
    1
    0
    9
    0
    1
    0
    0
    3
    6
    2
    1
    1
    0
    6
    1
    2
    4
    0
    0
    3
    0
    0
    2
    7
    2
    0
    2
    3
    5
    0
    2
    4
    7
    2
    7
   26
    9
   14
   18
    5
    2
   21
    1
    0
   20
    0
    0
    1
    6
    1
   18
   43
    0
    0
    0
    1
    0
    0
    3
    0
    5
    2
    0
    1
    9
    0
    6
   23
    4
    6
    0
    2
    2
    3
    2
    2
   11
   38
    0
   10
    3
    5
    1
    3
    6
    7
    7
    4
    4
   82
    9
    3
    3
    0
    2
    1
    0
    1
    3
    1
    0
    0
    0
    2
    0
    1
    2
    2
   11
    1
    0
    1
    2
    2
    4
    5
    8
    0
    7
    1
    0
    1
   46
    1
    0
   15
    0
    0
    6
    0
    2
    2
   11
    1
    4
    0
    0
    7
    0
    5
    5
    1
    6
    5
    4
    2
    9
    2
    5
    2
    3
    2
    0
    4
    3
   11
    1
    4
    4
    4
    3
    5
   16
    1
    1
    1
    1
    0
   14
    0
    0
    2
    0
    0
   11
    0
    8
    4
    3
    5
    3
    1
    1
    0
    0
    1
    0
    3
    2
    3
    1
   11
    1
    2
    1
    2
    0
    2
    0
    0
    0
    1
    3
    1
    8
    2
    3
    1
    3
    0
    1
    2
    1
    0
    1
    1
    4
    0
    1
    2
    2
    1
    5
    3
    2
    0
    0
    1
    0
    3
    0
    4
    2
   12
   19
    1
    2
    1
    6
    3
    4
    0
    4
    6
    8
    2
    2
    2
    6
    0
    4
    2
    2
    0
    1
    0
    0
    0
    2
    6
   10
    0
    4
    1
    1
    0
    0
    0
    0
    0
   15
    4
    4
    2
    9
    2
    1
    0
    4
   12
    0
    3
    0
    0
    0
    0
    1
    1
    2
    0
    3
   11
    0
    1
    2
    5
    7
    1
    3
    5
    5
   17
    0
    5
   15
   23
    5
    0
    3
    1
    1
    4
    1
    4
    0
    1
    0
   21
    3
    5
    0
    0
    0
    0
    4
    0
    0
    1
    0
    0
    0
    0
    1
    0
    0
    0
    0
    0
    0
    0
    1
    0
    0
    0
    0
    5
    2
    4
    0
    0
    0
    4
    0
    0
    3
    1
   11
    0
    0
   29
    7
    5
   10
    1
   10
    0
    1
    0
    0
    0
    2
    0
    0
    6
    1
    0
    0
    1
    2
    0
    1
    1
    5
    2
    0
    3
    0
    0
    4
    2
    3
   19
    6
    0
    7
    1
    4
    2
    1
    1
    4
    0
    0
    0
    0
    2
    0
    3
    1
    0
    6
    0
    0
    0
    2
    0
    2
    1
    1
   37
    2
    3
    2
    2
    0
    1
    1
    1
    8
    2
    0
    0
    2
    1
    1
    0
    1
   12
    5
    3
   10
    0
    1
    4
    0
    1
    0
    9
    8
    1
    7
   18
    7
    1
    3
    1
    8
   13
    2
    1
    3
    0
    0
   10
    0
    4
    3
    1
    3
    0
    1
    1
    0
    1
    3
   14
    4
    1
    1
    0
    2
    1
    3
    1
    0
    2
    1
    3
    0
    0
    0
    1
    1
    0
    0
    0
    0
    5
    0
    0
    0
    0
    0
    0
    0
    1
    1
    3
    3
    0
    0
    2
    1
    0
    1
    2
    1
    6
    2
    2
    0
    0
    0
    0
    1
    1
    0
    1
    2
    3
    0
    0
    0
    1
    1
    0
    0
    3
    0
    5
    1
   10
   14
    2
    3
    2
    0
    3
    0
    4
    9
   18
    0
    2
    3
    6
    2
    9
    7
    3
    1
    2
    0
    0
    0
    1
    8
    1
    1
    2
    0
    0
    1
    2
    4
    1
    0
    4
   12
    2
    2
    0
    0
    1
    1
    2
    0
    3
   10
   19
    9
    2
    1
    0
    0
    0
    0
    0
    0
    0
    1
    0
    2
    0
    4
    0
    7
    1
    1
    3
    1
    1
    2
    1
    0
    0
    0
    1
    0
    2
    2
    8
    2
    0
    7
    2
   11
    0
    9
    4
    5
   20
    0
   10
    5
    8
    0
    3
    4
    1
    1
    0
    0
    0
   18
    0
    1
    1
    6
    1
    0
    2
    1
    0
    2
    0
    2
    3
    0
    4
    4
    7
    1
    1
    0
    1
    1
    1
    0
    1
    2
    4
    0
    5
    1
    0
    1
    2
    0
    6
    1
    0
    0
    0
    1
    0
    2
    1
    6
    0
    0
    2
    2
    0
    3
    0
    0
    0
    0
    4
    3
    1
    0
    1
    4
    0
    1
   11
    1
    5
    2
    2
    0
    1
    1
    0
    0
    0
    3
    2
   12
    2
    2
   12
    2
    0
    9
   19
    1
    0
    1
    5
    3
   24
    1
    9
    2
    3
    4
    1
    3
    2
    0
    5
    6
    1
   51
    3
    3
    3
    3
    0
    0
    0
    0
    0
    0
    2
    0
    0
    1
    0
    3
    2
    1
    3
    7
   15
    1
    1
    0
    5
    0
    0
    1
    3
    0
    0
    0
    8
    0
    3
    0
    2
    1
    1
   23
    1
   12
    0
    0
    2
    2
    1
    2
    0
    2
    0
    1
    5
    4
   12
    6
    0
    1
    0
    5
    4
    3
    2
    0
    0
    2
    3
    4
   10
    2
    0
    0
    0
    2
    0
    3
    0
    1
    1
    0
    2
    1
    1
    2
    0
    0
    0
    0
    0
    1
    0
    0
    5
    3
    0
    0
    0
    0
    0
    0
    0
    2
    0
    0
    2
    3
    0
    2
    3
    3
    0
    0
    1
    2
    0
    0
    2
    0
    0
    0
    1
    1
    3
    0
    0
    5
    0
    1
    0
    1
    7
    1
    1
    8
    6
    1
    0
    1
    0
    0
    3
    0
    1
    2
    1
    3
    0
    0
    1
    2
    0
    1
    4
    0
    0
    0
    0
    0
    0
    5
    1
    1
    0
    0
    0
    8
    0
    0
    3
    0
    3
    0
    0
    0
    1
    1
    0
    4
    0
    1
    2
    6
    1
    0
    0
    0
    0
    0
    0
    0
    1
    0
    0
    0
    0
    0
    0
    1
    0
    2
    0
    0
    0
    2
    0
    0
    6
    2
    0
    0
    0
    0
    1
    3
    0
    1
    0
    0
    0
    0
    0
    0
    0
    0
    0
    2
    1
    2
    3
    0
    0
    0
    0
    0
    3
    0
    0
    2
    1
    0
    4
    2
    4
    0
    1
   21
    3
    0
    1
    2
    0
    2
    0
    0
    0
    0
    2
   16
   10
    1
    0
    0
    2
    0
    0
    0
    0
    0
    2
    2
    0
    2
    0
    1
    0
    1
    6
    6
    6
    3
   16
    3
    2
    1
    0
    4
    0
    0
    0
    3
    0
    0
    1
    0
    7
    0
    0
    3
    0
    1
    0
    0
    3
    0
    0
    0
    0
    2
    1
    1
    4
    1
    0
    0
    1
    1
    2
    4
    7
    0
    1
    1
    0
    3
    3
    0
    2
    9
    1
    1
    4
    2
    0
    0
    2
    1
    0
    2
   45
    3
    2
    1
    4
    0
    4
    4
    4
    1
    3
    0
    0
    0
    0
    0
    0
    2
    0
    3
    1
    1
    0
    0
    3
    0
    0
    0
    1
    0
    0
    0
    0
    1
    1
    1
    1
    0
    0
    0
    0
    1
    0
    0
    0
   12
    0
    0
    0
    0
    2
    1
    2
    1
    1
    0
    3
    0
    1
   10
    0
    2
    1
    3
    0
    1
    0
    0
    3
    5
    4
    1
    0
    0
    0
    0
    2
    0
    2
    0
    1
    0
    3
    0
    1
    0
    1
    3
    1
    0
    4
    1
    3
    1
    1
    0
    3
    5
    6
    1
    2
    0
   11
  169
    2
    9
    4
   22
    4
    5
   10
    3
    2
   11
    6
    0
    1
    9
   13
    1
    0
    1
    0
    0
    5
    0
   31
   74
  167
    2
    0
    0
    2
    4
    0
    2
    1
    1
    0
    1
    0
    0
    0
    0
    0
    0
    0
    0
    0
    1
   12
    2
    4
    2
    1
    0
    0
    2
    0
    0
    1
    0
    0
    0
    0
    2
    4
    6
    6
    1
    1
    3
    2
    0
    0
    1
    1
    3
    1
    2
    0
    0
    0
    0
    1
    0
    0
    0
    1
    1
    0
    0
    0
    0
    0
    0
    2
    1
    0
    1
    0
    1
    0
    0
    0
    3
    1
    2
    3
    0
    1
    0
    0
    0
    0
    0
    0
    0
    0
    0
    0
    0
    3
    0
    0
    0
    2
    1
    1
    0
    1
   14
    0
    0
    0
    0
    0
    1
    0
    0
    0
    0
    0
    1
    3
    0
    2
    3
    6
    3
   60
    5
    1
    0
    0
    0
    0
    0
    8
    2
    0
    1
    0
    2
    0
    1
    5
    0
    2
    1
    0
    0
    0
    0
    0
    0
    1
    0
    0
    0
    0
    2
    0
    2
    0
    0
    2
    0
    0
    0
    0
    0
    2
    0
    4
    4
    0
    2
    0
    1
    1
    1
    0
    0
    0
    0
    0
    0
    0
    0
    1
    2
    0
    0
    1
    0
    0
    0
    3
    0
    1
    2
    0
    0
    1
    1
    0
    1
    0
    0
    0
    0
    0
    4
    0
    0
    0
    2
    0
    0
    0
    0
    0
    0
    1
    0
    0
    0
    0
    0
    0
    1
    1
    0
    0
    4
    1
    0
    0
    0
    0
    0
    0
    0
    1
    1
    0
    0
    0
    1
    0
    0
    0
    0
   10
    0
    0
    0
    1
    0
    0
    1
    1
    1
    0
    1
    0
    3
    0
    1
    4
    0
    0
    2
    3
    1
    0
    0
    0
    0
    0
    0
    1
    0
    2
    0
    0
    2
    1
    1
    2
    0
    1
    0
    0
    0
    0
    2
    1
    1
    0
    0
    0
   14
    3
    0
    3
    0
    0
    0
    0
    0
    6
    0
    0
    0
    4
    0
    1
    0
    0
    1
    0
    1
    0
    0
    0
    0
    0
    1
    3
    0
    0
    0
    0
    0
    0
    0
    0
    1
    0
    3
    0
    1
    4
    0
    1
    0
    0
    0
    0
    0
    0
    0
    0
    0
    0
    0
    2
    0
    0
    0
   21
    2
    0
    0
    1
    1
    0
    0
    1
    1
    0
    0
    0
    0
    1
    2
    0
    0
    1
    1
    0
    0
    0
    0
    0
    0
    0
    0
    0
    0
    0
    0
    0
    0
    0
    3
    5
    6
    2
    0
    1
    0
    0
    1
    3
    0
    1
    0
  317
    0
    2
    0
    4
    1
    0
    1
    1
    0
    0
    0
    2
    1
    3
    1
    1
    0
    2
    0
    0
    1
    0
    7
    7
    1
    0
    1
    1
    0
    1
    0
    0
    0
    0
    0
   21
    3
    0
    3
    2
    1
    0
    7
   50
   29
    0
   12
    6
    0
   51
    1
    0
    2
    1
    3
    0
    0
    0
    0
    0
    0
    3
    9
    0
    0
    2
    0
    0
    0
    6
    4
    0
    0
    0
    0
    1
    0
    0
    0
    0
    0
    2
    9
    9
    3
    0
  109
   20
    0
    0
    0
    0
    3
    3
    0
    0
    0
    0
    0
    0
    2
    4
    7
    2
   13
    1
    1
    0
    8
    6
    2
    1
    0
    0
    0
    0
    0
    0
    0
    0
    0
    0
    0
    0
    1
    0
    0
    0
    0
    0
    0
    0
    0
    0
    0
    0
    0
    0
    2
    0
    0
    2
    5
    1
    2
    0
    0
    0
    0
    0
    0
    0
    8
    1
    1
    2
    0
    1
    0
    0
    4
    0
    0
   15
    0
    0
    0
    0
    7
    0
    0
    0
    0
    0
    0
    0
    0
    0
    0
    0
    0
    0
    0
    0
    0
    0
    0
    0
    0
    0
    0
    0
    0
    0
    0
