*vertices 8843
  109
   38
    7
   20
   62
  134
   59
   13
   18
  146
   30
   33
   11
    7
    1
    9
   30
   86
   17
   88
   80
   50
   62
  232
  245
    4
  162
   11
   75
   47
    3
    6
    7
    6
    9
   10
    0
    1
    7
    5
   13
   48
   34
   25
   60
   75
   27
    2
  230
  279
   36
   62
   22
    0
   10
   18
    0
  137
  252
    0
   19
   10
    6
    5
    9
   39
   99
   15
   26
   45
   27
  398
   48
   14
   10
    3
    5
    6
   51
  129
   49
   39
   16
   35
  158
   93
   66
    4
   13
    9
    1
   40
  105
  101
   32
   18
   17
    0
    7
    7
    2
   14
    7
   15
   20
   27
   27
    0
  220
    3
    6
   72
   32
   14
   43
   42
    3
   16
 3023
   10
  401
   34
    7
  128
   24
    2
    9
    2
  432
   14
    4
   64
   33
    0
    7
   12
    4
   19
    5
  102
  380
    6
    6
    0
  132
    9
    8
   11
    2
   20
    2
    2
    3
    3
   76
    0
  598
    2
   27
    5
   11
    1
    0
   83
   38
  113
   89
   89
    1
   37
  134
  151
    3
   19
   10
   30
   15
   19
   38
   16
    1
    0
   12
   10
   20
  125
   13
    9
   14
    7
   63
  141
   43
   62
    7
    0
    6
    2
    7
  108
   45
    1
    3
  200
   31
   49
   31
   19
   18
   12
    7
    8
    7
   26
   35
   67
   11
   19
    2
    0
   14
   46
   12
    0
    8
   24
   42
    2
    0
  222
   55
 1096
    1
   42
   26
   20
    9
    8
  430
   82
   43
   16
    6
  106
    0
   15
   21
   46
    7
   75
    0
   55
   20
  226
   22
    2
   37
   16
    1
    1
   54
   82
    1
  132
   42
  169
   12
   57
   39
    4
    3
    4
    4
    1
   23
    4
    5
    3
   18
 1162
   63
   11
    8
   13
    7
   11
  114
   48
   38
    6
    3
    2
    8
    7
   14
   13
    5
   33
   25
   12
  414
    4
   42
   86
    2
    2
   66
   16
  215
   17
   97
   78
   65
  127
   50
   16
    3
    5
   21
    3
   32
   12
   21
   40
  208
   33
   25
    0
   11
    2
   14
   76
    4
   92
    9
   14
   71
   79
   51
   11
   12
   15
   30
   59
   38
   40
    3
  148
  131
   22
   14
   10
   17
   15
    7
  165
   39
   32
   77
  139
   45
    0
    0
    0
    6
   36
    6
   40
   28
   16
  407
   15
   16
   16
   14
   40
   28
    7
    0
   46
  121
    8
  187
   73
    1
    3
   11
   15
   20
  243
   34
   18
    7
    3
   11
   12
   20
    5
   23
    7
   76
    4
   14
    6
   68
    0
    4
   13
   11
   67
   43
    4
   74
   11
   24
    1
    1
   12
   32
   20
    6
   46
  185
  814
    0
    4
   94
    4
   20
    9
  186
   23
   16
   22
   17
  164
   38
   56
   12
   46
    6
   71
   10
    3
   73
   34
   17
    6
    9
   19
    0
   14
  104
    5
    0
    2
    2
  341
   31
   24
   94
   19
  168
   28
   11
   14
    2
   22
    1
   41
   40
   27
    2
   36
    9
    7
    7
    9
    3
    5
   42
   24
   35
   99
   24
    4
  222
   69
    0
    4
  116
   39
  158
    2
    2
    2
   20
   86
   26
    0
   16
   94
   34
   30
    1
   57
    5
    0
    1
    4
    0
   12
   12
   16
    6
   43
    3
   98
   62
  115
   11
  109
   15
    0
   81
   10
   31
   15
   46
   33
   28
   12
   27
  158
   15
   32
   96
    3
   11
   13
    4
   49
   25
    0
   30
  345
   41
  461
   50
   54
    4
    6
   15
   68
    9
   35
 2184
   90
  226
   12
    0
   88
   16
   26
   63
   51
   41
   47
   31
   43
   12
   11
   12
  135
  427
   26
    7
   32
    8
   10
   24
  148
   18
   16
   15
   26
   12
   11
    7
   13
    1
   72
   46
  308
  155
  186
    6
  111
   14
    0
    1
    1
    4
   56
   14
    7
    9
    7
  180
   41
   72
  119
  164
   83
   64
    0
   10
   23
    2
    5
   13
   39
   51
   30
   57
  121
   59
    5
   49
   12
    0
   17
   19
   36
   27
   18
   28
   69
   77
   41
   15
   19
    1
    3
    3
   38
   18
  186
   62
   32
   49
  340
   38
    0
    1
   11
   29
   45
   13
    0
    7
  146
   31
    6
    4
    5
    4
   10
   87
   24
    0
   23
    2
    9
    3
   21
   54
   31
   40
   40
    6
   10
  161
  349
   76
    4
    3
   16
   25
  215
  556
   65
   39
   16
   24
   35
   13
   34
    3
   10
    4
    4
    3
    0
    1
    3
   31
    1
    3
    2
   24
    2
   30
    0
    1
    8
    1
  122
   15
   11
    9
   32
    9
   23
   78
   22
    8
   19
   61
  423
   29
   28
   25
   15
   60
   46
   16
   44
   95
   45
   41
   25
   22
   13
   12
   12
    3
   11
   23
   14
    4
   18
   11
    8
   10
   53
   16
   45
   52
    4
    4
    3
    6
  149
  210
  103
    1
   26
    1
   11
   42
   10
   18
   18
    0
   53
   32
   55
    0
    6
    6
    8
  391
   68
   67
   55
   47
   13
  261
   16
  137
   19
  104
  342
   64
    0
    0
   20
   87
   14
  227
   95
    6
   23
    7
    0
   31
   55
   36
   31
   26
   14
    6
   18
   49
   58
  130
   10
    5
    4
    3
    2
    4
    6
    6
    7
    0
   59
   38
   11
   21
   48
   29
   32
   54
   49
   92
  125
    5
   30
   18
   15
   62
   57
   65
   55
   15
   55
   32
   65
   13
   21
  153
   22
    3
    1
   10
    1
  222
    0
   25
   11
    0
    0
  219
    3
   85
   46
   55
   13
   35
   20
   17
   18
   13
    4
   16
   21
   96
   21
   74
 1285
   43
   39
   31
   12
   12
  134
   56
   29
   61
   64
    1
    7
   10
   27
    4
   85
   29
   11
   16
    0
    8
    3
    4
   18
   38
   12
    0
    3
    2
   51
   31
    2
   43
  127
    0
    3
   46
    7
  188
   63
    1
    1
   13
    2
    5
   13
   51
   37
   51
   82
 1415
   15
   13
   31
    4
   13
   15
   11
   12
    2
   22
    3
   17
    1
  125
   11
  115
   32
   70
    8
    2
    2
    5
   28
   24
    1
   39
   74
    0
    0
    2
    2
   12
   44
    3
    0
    6
   20
    2
    4
   20
    2
   21
   19
   15
   69
   20
    5
    5
    8
    0
    4
    6
   10
    8
   90
   65
   47
   21
   10
   63
   78
  129
    3
    2
    5
   79
   26
   11
  176
   46
   40
   29
   28
  115
    8
   48
   23
   39
  105
   42
    9
    0
   31
    5
    6
   71
   64
    7
   81
   50
   13
   56
  162
    0
    7
    0
   17
   98
   19
   20
  123
   10
   15
   66
   15
    5
   59
    2
    2
   10
   17
   14
    2
   32
   36
   10
   21
    2
   28
   41
    7
   34
   88
  441
   64
  185
  104
   23
   22
    8
    6
   53
   88
   75
   14
   52
   30
   46
   21
   14
   28
   12
   90
   18
    1
  915
  748
  333
    1
   13
  108
   22
    6
    3
   19
   26
   28
  116
    5
   62
   12
   17
   38
   41
  194
   18
  101
    6
   61
   30
   14
   64
   38
   20
   31
  159
    3
   20
   11
    4
   39
    9
    5
    8
    1
   27
   28
  162
  483
   30
   35
   31
    2
   14
  198
   45
    3
   25
   29
    2
    6
    3
   38
   11
    1
    5
    2
   90
   53
  113
   10
   18
    4
    7
   10
    1
   15
    5
   17
   41
   26
    4
    6
    6
    5
   77
   10
   11
    5
   25
   38
   15
   29
   10
   23
   10
   72
   13
   58
   26
   45
   28
   31
   32
   73
  123
    9
    3
   51
    9
   32
    0
   97
   28
   19
   78
  223
  129
    8
   14
   34
   22
 1347
   13
   59
   40
   59
  110
  255
   26
   49
   27
   35
   36
   10
   19
    1
    0
    0
   51
    2
    3
    6
   32
   29
    0
   16
    1
    0
    1
    2
    1
    2
   45
    3
    5
    2
   10
    8
    1
    0
    3
    1
    9
   31
    4
   53
   20
  118
   23
   16
   14
    3
   18
   54
   12
  115
   48
   35
   23
   97
   21
   94
    7
   24
  260
   19
    7
   62
   13
   17
   57
   49
   24
   16
   79
   19
   38
  143
   94
  125
   65
    9
   20
   31
   12
    6
  125
  301
   31
  134
   75
    2
   20
   67
   12
   37
    5
    9
   58
   22
   26
    3
   40
  219
   23
   28
   15
    7
   73
   14
  190
  464
    4
   12
   29
   66
  115
   17
   64
   59
   75
    5
   21
   14
  159
    7
   13
    6
   23
   10
    4
    2
    8
    1
    9
    6
   38
   13
   23
    2
  262
   39
  122
   16
    9
  530
   41
   51
   40
    9
   17
  277
   48
    1
   82
    2
    5
   13
    4
   78
   27
    4
   24
  237
   69
   57
  125
   36
   20
    1
   47
  161
   12
   36
   42
   22
   12
   49
  318
   42
    7
    4
    5
    1
    3
    3
    0
   10
   28
   11
    4
  224
   58
  109
  213
   99
    4
    3
    0
    1
    0
    0
    0
    4
    3
    0
    2
    3
    4
    1
   22
   27
   77
  114
    0
   11
   27
  117
   20
    0
    2
    0
    3
    2
    0
   16
    4
   18
    0
   13
   15
    3
    0
   58
  135
    4
   12
   94
   29
   24
   25
   41
    2
   26
    0
  124
   93
   31
    2
   55
   68
   41
   92
    5
   64
   21
   13
    0
   14
   14
    5
   11
  183
   23
    2
   31
    1
   34
   19
   54
    3
  369
    6
    3
   37
   38
   21
   13
    0
   14
    2
  138
  132
    8
   42
   28
   19
   35
    0
   53
   11
    7
   75
   48
   36
  100
   41
    3
   16
  187
    0
   28
    7
   25
    0
    5
    3
    1
   69
   34
    4
  198
  260
    6
   13
   32
   16
   71
   52
  125
    2
   35
   77
  107
   65
  148
   39
   34
   44
   13
   21
   22
   41
   31
   52
   34
   23
   23
   55
   99
   17
   72
   27
    2
   58
   10
   47
   83
    0
   26
    4
   19
    0
    1
    0
   30
   20
   39
    7
   91
    0
    0
    9
   25
   71
 1103
    0
   18
   25
   12
   47
    3
    3
   26
   21
   97
    2
   57
  103
   27
   46
   43
    5
   78
   44
   27
   23
   13
   35
    2
    7
   99
    1
    1
   58
    5
    9
  589
    2
  126
   86
   72
  108
   34
   73
  125
   23
    9
  132
   68
   24
  540
    1
    0
   32
   20
   10
    5
    0
   27
    4
   16
    5
    5
   50
   95
    4
   21
    1
   53
    5
   84
    3
  684
  115
   10
    3
   10
   38
    1
    1
    6
    0
   59
   68
  175
  623
  105
  127
  113
    0
    3
   16
    4
   11
  113
    0
  130
   37
   24
    0
   21
   53
   13
   17
   78
   10
   51
   10
   18
    3
  137
   36
    4
   14
   46
   18
   75
   97
   33
    5
  143
   39
   50
   31
    1
    7
  156
    2
    0
    0
    5
  140
   14
   33
   28
   12
    1
   44
    6
    3
   33
  115
   19
    6
  308
   16
   23
   29
    8
   12
   91
    8
   14
   18
    1
   10
    1
    8
   17
   16
    5
    2
    1
    6
    6
   12
   85
    2
   26
   34
   21
    1
   20
   39
  145
   51
   26
   26
   71
   37
   38
   32
    8
   29
   56
  147
    1
    0
    0
    9
    5
    0
   33
   17
   21
   14
    4
  125
   17
   31
   42
    5
   10
  102
    3
   22
   17
   38
    2
   85
   29
   23
   65
   75
    4
  104
   30
   15
   25
    7
   84
  287
   88
    6
   25
  286
   18
    5
   38
   23
    1
   41
   67
   48
   26
  134
   11
   58
   17
   86
  140
   54
   81
   25
    0
    6
   12
   74
   11
    5
   12
   27
    3
    3
   22
   75
    1
   19
   23
    6
   76
   88
   38
   20
    5
    7
   53
    7
   33
    0
    9
   23
   13
   12
    1
    4
   45
   42
   47
   33
   24
   23
   10
  167
   15
   33
   27
   61
   39
   89
   30
  267
    7
  451
   12
  881
   89
   84
    5
   82
    2
   55
   27
   12
    4
    3
    2
   95
   26
   38
   82
   20
   12
   10
   19
    6
   47
   57
    1
    9
    4
    0
    2
   53
    9
    0
    0
    4
   26
    0
   20
   68
   28
    1
    1
   22
   20
    0
    4
    1
   61
   25
  239
  282
    3
   31
    0
    6
    6
    5
    4
   13
  177
    1
  125
  698
   29
   17
   20
   29
    2
   18
   61
    1
    2
    7
   19
   41
 1271
  107
   52
    5
  124
   15
   46
   71
    6
    7
   27
   13
    7
   64
 1343
  184
    0
    0
   10
    6
    9
    2
    1
    7
    0
    1
    4
    0
    6
    2
    3
    3
    5
   38
   31
  100
   63
   17
   13
   73
   67
    0
   10
  146
   26
   45
  133
  181
   24
    3
   22
   45
    9
   39
   18
    0
   14
    3
    0
   11
    0
    1
   24
   54
    1
    4
    2
   53
    3
   39
    9
   16
   23
   46
    6
   13
   12
   97
    2
   37
   26
   27
  116
   24
   51
    9
   40
   22
   92
  100
  239
  137
   36
    0
    0
   15
   39
   17
   48
  261
   70
   45
   47
   11
   30
   82
   22
   82
   21
    5
   31
   27
  132
   12
   23
    8
   59
   35
   25
  389
    4
   17
    4
    9
   14
   81
   15
   22
    8
   30
  185
  153
   30
   53
  101
   89
    2
   95
    3
   19
    5
   25
    5
    2
   38
   21
   21
   75
    2
   13
    0
    4
    6
    4
   47
   18
   94
   25
   16
   26
   13
  265
   19
   99
  181
  104
   27
   39
   15
   59
  314
   18
   39
   46
    0
   14
    2
    5
   23
    0
    3
   39
   54
   53
  157
   32
   44
   86
    2
    6
   31
    2
    1
    8
    2
   13
   54
    2
    4
   37
    2
  121
    0
  458
  277
    3
    2
    3
   13
    3
    0
    0
    0
   53
    5
   55
   17
    0
  104
   38
   60
   28
   37
   37
    0
    4
    7
    7
   23
    2
  388
   17
   19
   17
  214
    0
  195
   82
   35
   13
    7
    6
   20
   26
   46
   19
   27
   12
   16
   19
   17
   15
   17
    6
   30
    0
    0
    9
   18
    5
    4
    1
    9
    6
   10
    0
    2
    1
    4
    7
   22
   19
    3
    8
  120
    0
   50
    5
    7
    2
    5
    2
   16
    0
   32
   36
   25
   20
   11
   75
    6
   53
   34
  119
   19
   20
    1
   11
    0
    6
   35
   22
    5
    2
    8
    5
   44
   77
   32
   13
   34
   69
    7
   52
   12
    4
   36
    6
   80
    8
    6
   34
   23
   24
    4
   41
  252
   28
    1
  156
   14
  176
   17
   22
    0
   14
   23
  160
   97
   57
    0
    5
   57
   82
    3
   26
   19
   24
   43
   12
   35
   28
    2
   11
   14
   33
    8
  124
   29
    1
   35
   80
   16
   26
   16
   83
   67
   80
  172
  110
   46
   24
   79
   43
   33
    8
  110
  116
   29
   14
   99
    4
   34
    5
    3
   25
  123
   62
  245
   93
   19
   29
   31
   47
   22
    1
   16
    0
   12
   24
    9
    1
  114
   62
  485
   59
   33
   36
  133
   41
  210
  180
  101
  473
    6
   10
   88
    9
   82
   12
  693
   40
   56
    4
    4
    2
    4
   47
   79
   25
    0
   52
  108
    4
   19
   21
    0
    5
    2
    0
   42
    4
   20
    9
    0
    0
    4
    0
    0
    4
   11
    7
    6
   12
    7
    0
    0
    0
   11
   12
    0
    9
    3
   17
    0
   18
    0
    1
    7
   11
    2
   72
   54
    5
    1
  111
   33
    9
   39
   18
    5
   30
   16
    5
   37
  161
   21
    0
   11
  291
    0
    0
   22
    0
   22
    0
   15
    0
   15
    2
   12
   47
    0
   89
   61
   12
    0
   74
    5
   30
   16
    8
    7
   92
   27
    0
    2
    0
    0
    0
    9
   43
    0
    0
    0
    1
   27
   14
    0
    5
    4
    0
    0
    0
    4
    6
    0
    1
   11
    2
    2
    1
    3
    0
    0
   18
   81
    7
  102
    0
   11
    0
    0
   41
   25
    0
    0
    0
   48
   17
    0
    3
  198
    3
   34
   52
   70
  149
  119
   48
   38
   53
    0
    0
   25
    0
   55
   83
  211
   10
   25
    0
   61
    8
   13
   29
   20
    5
   88
    1
   35
  127
   17
    0
   17
    7
   31
   52
  348
   58
   96
   15
    1
   28
   12
   41
    2
   68
   86
   37
    1
  170
    0
   38
   33
    5
   54
   32
   43
   39
    0
  115
   39
   59
    0
   81
  115
   68
  260
   46
  211
   94
   59
    6
    0
    0
    2
   92
   75
  102
    0
    9
    0
    3
    1
   46
   29
   28
    0
  212
   13
   27
   39
    2
    2
    2
    0
    0
    2
   16
    0
   16
   38
   95
   69
  107
   70
  262
  105
   40
   24
  525
   34
   12
    7
    0
   63
  536
    0
  100
    0
   34
   58
  100
    0
   11
    0
   23
    0
    0
    2
    2
  602
    3
   39
   61
    1
   21
   56
  102
   32
   11
    8
   11
   25
   22
    2
    1
    0
    6
    4
    0
    6
    0
    0
    8
   11
    0
   39
   15
   17
    0
    5
    0
    0
   90
   12
   11
    7
   16
   18
    1
   62
  211
   50
    0
    1
   98
  131
  322
    0
    0
   13
    3
    2
   23
    5
   20
   37
  102
    0
    5
    0
   25
   10
   40
   11
   52
   10
    7
   24
   76
    0
   24
    0
    0
    0
    0
    6
   25
   14
    5
   10
    5
    3
    0
   34
    5
    7
   65
   23
    1
    0
    0
    0
   23
  157
   33
    3
    0
   16
   41
  217
  118
   85
   73
   12
  805
   52
  394
   13
   48
   18
   24
    0
   33
   10
    6
   35
    4
    0
   16
   14
    1
    0
    5
    2
   16
   36
   18
    0
    0
  170
   18
    5
   36
   23
   14
   23
   44
   49
   41
   50
   30
   45
    4
   15
   11
   46
   31
   48
   13
   14
    9
   26
   21
   66
   10
    4
   27
   22
   11
   16
   66
   12
   59
  130
    3
   12
    2
   19
   69
  185
   37
  145
   81
  322
   21
    0
    6
    5
   22
   10
   14
 1816
   50
    1
    0
   26
   23
   35
    7
    0
   31
   65
   13
   44
   73
    5
    0
   25
   29
    9
   40
    0
   11
    0
  101
   88
   58
   31
  584
   52
   17
   47
   98
   11
   64
   62
    0
    2
   36
    2
    9
    4
   15
   40
    8
   10
   41
    3
   14
  143
  206
    0
    0
    0
    2
   61
   17
   13
    0
    5
   28
  192
   37
   86
  135
   40
    9
  145
    4
   50
    0
   16
    9
   27
   47
    0
  337
    0
   34
   17
   13
   14
    3
   15
    0
    0
   28
    0
    1
    1
   12
   26
   47
    0
    0
    0
    2
    2
    2
    7
    5
    7
   21
   12
   63
    5
   16
   32
   74
   17
   15
    2
    5
    0
    6
   92
  160
  116
  125
   11
  115
   20
    4
  129
   68
    7
    3
   44
    1
   14
    6
    4
    0
    0
    0
   19
    2
  299
    4
   23
    0
   69
   54
   26
    0
    0
    1
    5
    0
   65
   25
    0
  190
    1
    3
    1
    0
    3
    8
    3
   14
    0
    5
    0
    0
    1
    1
   25
   66
   29
   59
    0
   45
   23
   76
    0
    2
   32
    0
    0
    0
    1
   24
   88
   77
   28
   11
   17
    0
   51
    0
    5
    4
    1
   71
    0
   20
   45
   20
   21
    0
  102
   11
   55
    5
    2
    0
    0
    4
   10
    0
    0
   64
   20
    3
    2
   18
    0
    0
   14
   72
   16
   84
    0
    0
    0
  205
   18
   37
   42
   46
   14
    7
    0
   16
   18
  106
   24
    0
   97
    9
    0
   84
   32
   16
    4
    5
    0
   47
   41
   15
   20
   57
   27
    1
  101
   12
    8
   43
   49
  107
   20
    0
   69
   21
   20
    0
   30
   45
    0
   20
    0
   43
   22
   24
   15
  101
    0
    0
   85
  131
   45
   56
   88
  216
    3
    1
   63
  103
   23
    0
   74
    0
    0
    1
   27
   19
    0
  169
   12
    0
  225
    1
    7
   18
    0
   19
   44
    5
   10
   19
   27
   15
   27
   51
   67
    4
   10
   18
  255
    1
   25
   75
    1
   18
    0
  100
   20
  122
   39
  219
  153
   63
    0
  137
    0
    1
    4
    0
    0
    0
   43
    1
    0
    0
   13
    5
   13
   87
   26
   49
    2
    7
    3
    1
    8
    3
   54
   13
    0
    0
    5
   12
   14
    0
    3
    0
    4
   25
    1
    0
    0
    1
    2
    7
    6
    0
    0
    9
    7
   22
   10
    0
    0
    7
    0
    0
  323
   28
    6
   16
    0
    0
  155
   10
  342
    3
    4
    0
    4
    2
   17
   20
   26
    3
   47
   24
   56
   50
    1
    0
    8
    2
  320
  308
  109
   20
   49
   95
   69
  484
  254
    0
   14
   10
   16
   51
    0
    0
    9
    0
    8
    0
   35
    0
    6
   48
    0
   46
   54
  133
    0
    0
   11
    4
    7
   54
   10
   25
    0
    0
   23
   29
  360
    8
    0
   60
  373
  231
   82
   31
    0
    0
  131
   21
    0
   14
    9
   11
    5
    4
    0
    2
    3
    1
   13
   45
   15
   11
  100
    0
   31
    0
    1
   58
    8
    9
    5
    0
   11
   14
    0
   29
   31
    8
   15
   17
    0
    0
    0
    0
   14
   13
   43
    0
   21
   75
   27
   30
   95
   87
  148
   72
   44
   17
   34
   19
    0
   11
    0
   16
    5
   25
   39
   54
    0
   14
  144
   55
   60
   24
    7
    2
   26
   14
    0
   29
   28
  245
  107
  107
   28
    0
   59
    5
    2
   78
   31
    8
   12
   43
   18
   27
  176
   23
   83
   47
   15
   14
  102
    0
   16
   20
    3
    4
    0
    0
    0
   85
   18
   39
    3
   72
   33
   11
   30
  188
    0
    0
  148
   49
  152
   27
  101
    1
   48
  130
  131
   51
   28
  102
   21
    0
    8
    1
    0
   39
  143
    0
   15
   17
    3
   12
   58
   98
    8
    0
    0
   10
    3
    0
  208
    0
   58
    0
   55
   11
    1
  171
   25
    8
    0
    0
    1
   20
   52
   11
   13
    0
   26
    1
   49
    0
    1
   26
  496
  111
   41
    0
   19
    7
   53
    0
    0
   14
   30
    0
    1
  225
   19
   33
   10
   78
   15
    0
    8
    0
   16
    8
    0
    2
    0
    0
    0
    8
    7
    6
    0
    0
    0
   20
    0
    1
  116
    0
    0
   57
  108
  155
    0
    0
    1
   14
    0
    0
    0
   10
    1
    2
    0
    0
    0
   17
   12
   69
   29
    0
   34
   16
    0
    0
    0
  369
  236
  130
    0
   46
   53
   24
   26
    0
    0
    5
   34
   17
   20
    0
   21
  173
    6
  136
    0
    0
    0
    8
    2
    9
    9
    2
    0
    1
    0
    0
    0
   75
    3
    0
    3
    0
    0
    0
  210
  134
   13
    0
   57
   31
    0
   11
   23
    5
    1
    0
   47
    3
    0
   44
  135
   27
   48
   28
   34
   13
   24
    0
   16
    2
    3
    0
   35
   28
    5
    0
    0
   16
    0
   50
    1
   15
    6
    0
   26
   11
   13
    4
    3
   25
    3
   48
    3
    9
   59
    0
    2
    0
   17
   25
    6
   69
   26
    0
    7
  113
   48
    3
   13
    0
   42
   45
   28
  141
   21
    7
    4
   30
   94
   38
    6
   17
   26
    4
   21
   84
   56
   20
   29
   47
    2
    0
  112
   48
   27
    0
    0
    0
    0
   29
    0
    0
   24
    4
    0
   16
   26
   14
    0
   10
    5
    3
    3
   23
    0
   30
    6
   25
   35
   30
  103
  221
  137
  270
   44
   17
   48
    0
   40
   35
    0
   16
   35
   50
   46
   49
    4
    4
  141
   64
   51
   41
    2
   14
 1029
   10
   25
   41
    9
   12
   17
   21
   11
    0
    0
    0
   78
   11
    7
   25
   27
   24
   34
    7
   27
  122
   38
   36
   90
   81
    1
  163
    0
    0
    0
  156
    0
    2
  137
    0
    3
    0
   41
   32
    0
   34
   33
   53
    4
  148
    0
   14
    0
   12
    0
    6
    0
  169
   50
    0
   34
    4
   26
   47
   53
    6
    7
    0
    1
   10
    0
    1
   13
    0
    0
    9
    0
    0
    2
    5
    0
    0
    0
    5
    9
   14
   45
   78
   45
   68
    6
    2
    4
    3
    0
   21
    1
   77
  160
    6
    0
  105
    0
   55
    2
   28
    9
    4
   53
    0
    0
    7
  103
  187
    7
   84
   31
    1
    1
   32
  276
    2
    1
    5
   28
    0
    0
    2
    0
    5
    2
    0
    1
   59
    0
    3
   18
   12
    0
    2
    0
    0
    0
    7
   41
  103
   10
   20
    1
    1
    4
    0
    8
   85
   42
   24
    8
    3
   40
    3
   46
   18
    0
    4
    7
   23
    0
   11
    0
   23
    0
   21
  130
   17
    6
    0
    0
   21
    0
    7
   41
   45
   19
   50
    2
   19
   33
    0
   13
  114
   26
  110
   70
    0
    5
   56
   91
    3
    6
    5
   15
   41
   83
   26
  729
    2
   49
    0
   20
   11
   82
   15
   36
    0
   34
    5
    0
    7
    1
    8
    0
   58
   76
   89
   16
   80
   79
   74
  243
   91
   28
   29
   30
    9
   42
    4
   23
    3
    5
    0
    1
    7
    0
   72
    4
    0
   25
   96
    3
   26
   36
  138
   22
   88
   25
   17
   14
   39
    0
    0
    2
   17
   23
   20
   16
    4
    0
   18
    0
  256
    2
    3
    1
   67
   28
  128
   18
   44
   44
    0
   41
    0
  224
    0
    0
    0
   65
    0
   95
   44
    3
   13
    8
    0
  131
   14
   12
   29
   43
    6
    1
    1
    0
    0
    0
    3
    0
  185
    0
   12
   14
    4
    2
    2
    1
    4
   13
  221
   49
   71
   33
   36
   28
   10
   26
    4
   10
    0
   23
   36
   47
   31
    0
   68
    0
   64
  139
  137
   43
  440
    1
    5
    6
   32
   38
    2
    6
    3
   24
    0
   11
   32
   75
    0
   85
    0
   41
    0
   85
    9
   26
   80
    0
    0
    0
    1
    5
    8
    9
   14
    9
    0
   30
    1
    0
    5
    8
    0
    0
    0
    0
    3
    4
    1
    0
   66
    0
   14
   21
    8
    0
    5
    0
    9
   51
   18
    7
    3
    4
    0
   25
   64
    9
   18
   18
    1
    2
   18
    9
   11
    1
    4
   15
   13
   24
    7
    0
    3
    0
    4
    0
   11
   52
    0
    0
   32
   39
    3
    5
    7
  188
    6
   13
   25
    0
   34
   20
    0
    4
   21
   20
   16
   38
    0
   86
   28
   11
   60
   50
    0
  535
   28
    0
   49
   49
    2
    0
    0
   16
  130
    0
   18
    0
    5
    3
    2
   76
   72
    0
   33
    0
   52
    0
    0
   24
   83
   56
   37
   88
   21
   10
   16
    0
    0
    0
   17
   19
    2
   17
    4
    0
   44
   64
    0
    2
    0
    0
    1
   26
  136
   74
  164
  107
   12
    0
   36
    0
   27
    5
    0
   14
   26
    7
    0
    1
   11
   39
   45
   13
    4
    0
    8
    0
   95
    6
   12
   82
    1
   51
   24
    0
   18
    1
    9
   11
    9
   25
   36
    4
   27
    0
   13
   13
   18
    0
    4
    2
    0
   17
    1
    0
    4
   22
   28
    0
    7
    2
   23
   12
   16
   19
    4
    0
   21
   52
   28
    0
    1
    7
   36
    0
    0
  103
   69
   10
   57
   24
   20
    0
    0
    0
    0
   63
    7
  140
    4
    7
   17
  377
 1392
    0
    0
   40
   22
   19
    0
    0
    0
   20
   33
   19
   29
    0
    0
    0
    3
    5
    0
   15
   12
    0
   20
   16
    2
   38
   48
   59
   30
    0
   14
   11
    6
    0
    0
   17
   14
    5
    1
    9
    0
    4
   69
    6
   16
   37
    0
    0
    0
    5
    7
    5
    2
    0
    2
    0
   26
    0
   51
   42
    9
    1
   33
    0
   13
    6
    4
    3
    1
    0
   40
    9
    3
    7
    9
   15
   55
  112
   81
   91
   26
   48
   90
    0
   20
    1
    0
    0
   55
    0
    0
    3
    2
    0
   15
   15
    2
   70
    0
    0
   40
   41
   28
    0
   30
   29
   16
   23
   11
   11
  155
    6
   48
  133
    0
    6
   16
   24
   63
   23
    6
    3
   74
  103
    0
    0
   21
   27
    7
    2
    0
    2
   51
    2
    7
    0
    1
    0
    4
    0
    0
   10
   58
    2
    3
   11
   43
   29
  400
  102
    0
    0
    0
    8
    0
   19
    3
   80
   75
   16
   42
   18
    7
   21
    3
   27
   17
   13
   14
    0
    0
   10
   25
    3
    1
    2
    0
    0
    0
    0
    0
    0
    3
    0
   10
    6
   31
    0
   22
  120
    0
   19
   14
    0
   13
  124
   14
    1
    7
    9
   24
    0
   12
    3
    0
    1
   95
   78
    0
    2
   63
    7
  224
   34
   95
   17
    0
    2
   36
    0
   59
  206
   44
    4
    0
    0
    4
    0
    2
    9
    0
   26
    0
    0
   19
    0
    5
   10
    0
   14
    7
    3
    0
    2
    5
    0
    0
    2
    0
    7
   51
    3
    0
   56
   79
    0
    1
   96
    0
    0
   29
   18
   65
    0
    2
    0
    5
   88
    0
  222
    0
    9
   29
    2
   62
    8
   31
    0
    4
    6
    4
  215
    4
    9
   29
    0
   18
    6
   15
   67
    0
    8
    0
    0
    2
    0
    3
    4
   73
    2
    3
   13
   22
    0
   12
    6
    4
   20
    3
    3
    6
    2
    5
   10
  113
    1
    0
   55
    0
    0
    9
    0
    2
    0
    9
    5
    0
    0
    0
    0
   29
   64
   24
    2
    4
   16
   30
    9
    3
   22
   25
    5
    0
    1
   21
    0
    7
    0
   11
   10
    8
    0
    9
    0
   35
    7
    7
    0
   21
   39
   73
   11
    2
  313
   18
    0
   23
   22
   27
   74
   26
    9
  113
   23
  124
   60
   29
   38
   10
    7
   14
    0
   82
   39
   25
   48
   35
   74
   28
   10
   20
   29
   64
   21
    0
   12
   66
   18
    8
    8
   69
  104
   73
   68
   33
  101
   43
   32
   14
   41
   21
    7
    8
    0
    0
    0
   18
  119
   30
    0
   11
   24
   35
   76
  118
   61
   63
   23
   24
   26
    0
    0
   23
  158
  101
   19
   78
    7
   23
    0
    5
   15
   14
    6
   14
    7
    0
    7
   30
    1
   57
   63
   17
    3
    9
   12
   43
   29
    0
  123
    8
   10
   84
   30
   48
    0
   44
   37
    4
  158
   40
    0
    0
    1
   54
    0
  261
    0
   35
    1
   17
   11
    0
    1
   32
    0
   31
  145
    2
   55
   10
   24
    5
  153
   20
    0
   42
   44
   35
    6
    5
    4
    0
    1
    1
    0
    1
   37
    0
    0
    1
    7
    0
    0
    1
    0
    8
   11
    5
    0
    0
    7
   35
   24
    8
   45
    5
   21
    7
   12
   30
   36
   80
    0
    0
    0
   15
   36
   35
   15
    7
   18
   26
    0
   11
   15
    3
    0
    0
   27
    0
    8
    0
    0
  137
  334
   51
   37
    0
   16
   69
   20
    0
   43
    1
    0
    0
    0
    2
    0
    0
    5
   88
   36
  188
   78
   22
   10
    0
    7
    0
   79
    0
   30
   81
    1
    4
    2
   14
    0
    2
    0
    0
   17
    0
   31
  115
   57
   70
    0
    0
    2
    4
    6
    0
    0
    5
   40
   15
   14
   11
    0
    2
   21
    0
   22
    6
    4
   16
   16
    1
    1
    2
    4
    4
    5
    0
    0
    0
   20
   13
    2
   14
   16
   34
    4
   71
   43
   38
  208
    0
   52
   10
    0
    2
   18
    0
   16
   33
   22
    0
    9
   17
    6
   86
   15
   27
   11
   28
    2
   22
    0
    0
    0
   13
   27
   11
   26
   62
    9
   40
    9
    5
  203
    7
    0
   45
   21
   23
   10
    0
    2
  244
  128
   88
   42
   20
    0
  201
   14
    1
   28
    0
    0
    1
    1
   15
   15
   53
   13
   12
    1
  102
   15
   49
    1
    6
   14
   24
    0
   17
    3
   44
    2
   11
    2
    6
   36
    3
    6
   17
    0
   12
    2
    1
   93
   55
    2
    1
   45
    7
   28
   29
   11
    6
    2
   14
   36
   98
   27
    0
    0
   12
   31
   63
   16
    5
    0
    0
    0
    1
    2
    0
    2
    0
    0
    0
    2
    3
    3
   14
    1
  149
   88
  109
   67
   31
   21
   26
    9
   14
   14
   47
    0
    4
    1
   16
   10
  106
    1
    3
   37
   22
    0
    0
    2
   12
    4
   17
    4
   10
    0
    2
   16
   16
    1
    1
   11
    0
  247
   98
  170
   54
  199
    3
    2
    5
    4
  356
    0
    0
    0
   19
    1
    0
   11
   12
    4
   31
   44
   11
    0
   44
   17
   12
    0
   31
   19
  117
   60
   51
   14
    1
    1
    8
    0
    9
    4
   13
    9
    6
    8
    9
   29
   34
    5
   16
   11
   12
    2
   19
    2
   22
   14
    4
    5
    6
    2
   73
    0
   35
    4
    6
   13
   13
   69
   27
   21
   30
   23
   41
    9
   48
   69
   79
    3
    5
   33
   23
   16
   34
   18
    4
   69
   35
    2
    8
    5
    2
   95
   19
   38
    4
   33
   11
   10
   13
   10
   43
   15
   14
  124
   17
  256
  232
    4
    5
   22
    2
   14
   35
    8
    5
    0
    7
    7
   19
   19
   12
    5
    5
   45
    2
   59
   97
   21
   22
   92
  305
   51
    1
   22
    5
   24
    2
    2
  115
   19
    6
   20
   15
    3
    9
    1
   15
   45
    1
    1
    6
    0
    2
   41
   16
   66
   25
    4
   17
   45
   86
   38
   13
   18
   44
  130
   15
    3
    4
   22
    8
    2
    1
    9
   30
   97
  113
  576
   17
    2
   28
   21
  142
   36
   40
    2
    1
    6
   43
   55
   13
    7
   10
   56
   24
    0
    0
    3
    2
    3
    2
   34
  167
   35
    4
    1
   52
   28
    2
   18
   28
   65
    1
    1
    5
    5
   31
   86
    8
   39
    0
    1
    8
   22
    1
  110
   31
    3
   27
   48
   13
    1
   49
   15
    0
   12
  580
   92
  155
  430
    4
    3
    8
   14
    1
   41
   13
    2
   26
    6
    8
   93
   56
    3
   15
    5
  367
   12
    4
    2
    5
   32
   54
    7
    2
    6
    0
    0
    5
   10
    1
    7
    2
   12
    5
    5
   40
    0
    2
    3
    1
    1
   10
    3
    3
  120
   41
    8
   31
   11
   32
    0
    8
    4
    3
    0
   10
   10
   16
    2
    8
   19
   11
   30
   72
    2
   22
   15
   11
    1
   33
   37
   48
   17
    8
    3
   14
    9
   12
    8
   21
   29
   49
   43
   21
   28
    1
  120
    3
   25
   32
   20
   16
   19
   22
    5
   15
   56
   23
   79
   69
   13
   14
   23
    0
    2
   38
   15
   16
    2
   42
   40
    7
   39
   12
    5
    9
   12
   13
   68
    0
    8
    9
   12
   22
   10
    5
   65
  103
    0
    0
    6
    2
    4
    6
    1
    0
   10
  115
  168
   29
   42
  172
   61
   54
   21
  363
   63
   54
   10
    4
    0
   10
    7
    3
    5
    1
   51
  110
   57
   52
   77
    3
   54
   26
   39
   44
   11
   21
   34
    1
   24
   24
   24
   16
    0
    5
    8
   14
    3
    0
    2
    0
    4
    2
    8
    4
   26
    4
    9
    9
    4
   14
   28
    6
    7
    6
   37
   40
   50
   28
  130
  304
    0
    0
   17
   10
  136
    4
    1
    3
   14
   97
    4
    8
   45
   47
   13
    1
    1
    6
    4
   13
    3
    3
    2
    6
   99
   74
    2
   15
    4
    3
    3
    0
    2
    2
   33
    0
    0
    0
   19
   21
   24
  104
   31
   30
   31
    5
    4
   12
    6
  308
   96
   25
    2
    1
    1
    9
   28
    1
   14
   19
   79
   31
   10
   42
    0
   11
   43
   68
    4
    0
   20
   11
    9
   45
   44
   27
   10
   28
   12
   11
    2
   26
    5
   35
    9
   41
   41
    3
   21
    0
   13
    7
    6
    5
   27
   29
    1
    2
    7
    4
   98
   26
   14
    7
    0
   38
  111
    1
   10
    0
   36
    3
    3
   14
   14
   52
    3
    0
    5
    5
   14
    3
   10
   18
    2
    6
   16
   25
    1
   16
   13
    0
    3
    1
   26
   25
   29
    3
    6
  126
    0
  222
  113
   91
  160
    1
   31
    4
    0
    2
  159
  333
   26
   19
    1
   25
   12
    9
    2
    6
    1
    0
    0
   15
    0
    0
   13
   15
    8
    0
    0
   31
   43
   11
   75
    0
   53
    3
   54
    6
   56
    7
   34
   10
  136
  122
   46
    8
   25
    0
   11
   16
   40
    5
    0
   77
    9
    1
   13
    9
   77
   13
    1
    1
    2
   13
    1
   54
    2
    1
   31
    3
    1
    0
    6
    0
    2
    1
    7
   42
   16
   53
    7
   67
   48
    7
    5
    0
    0
    0
    3
    9
   48
   34
    0
    1
    1
    0
    1
    8
    3
    6
   41
    7
    8
   20
   32
    4
   26
   25
    4
   12
   24
   12
   25
   17
   24
   11
    8
   49
    5
   44
   32
   15
   10
    3
    1
   24
   11
   14
   40
   36
    5
   42
   31
    5
    0
    6
   32
    9
   34
   28
   30
   16
  125
   27
   48
   21
   12
    0
   28
    7
   53
   24
  188
    0
    1
    0
   15
   41
    2
    4
   78
    5
    1
   27
    0
    6
   33
   57
   15
   22
   41
    4
    2
    6
   34
   16
    0
   28
  241
   68
  193
   58
    1
   79
   27
   84
  127
   94
   29
    4
    1
   12
  100
   16
  244
   39
   14
    0
   16
    4
   21
   23
   59
   16
    0
    6
    2
    2
    2
    6
    0
    1
    1
    0
    0
    0
    0
    0
   33
   16
    4
   73
   24
    0
   41
    2
  208
   51
    1
   87
    7
    1
   15
   36
   16
   16
    3
    8
    1
    5
   18
    1
    7
    5
   32
   17
    8
    3
   26
   15
   63
  132
    2
   24
    4
   23
    0
   17
    0
    1
    0
    0
    0
    1
    7
    6
    0
    1
    1
   27
   23
    1
    3
    3
  188
    4
    6
    3
    1
    0
    4
   15
    0
    3
    5
   39
   56
    1
    1
   26
   38
    0
    6
   12
   11
    6
   33
   54
   22
    3
   35
    9
   13
    6
    2
   11
   12
   52
    8
   20
   10
  177
    7
    9
   42
   24
   11
   26
    0
   50
    9
   10
   12
   29
   64
   23
   23
   15
   40
   18
   76
   58
   23
   27
   16
   40
   43
   52
   56
   29
   80
   19
    9
   40
   11
    0
    2
   10
   26
   12
    7
   10
   19
    8
   17
    5
    0
   39
    5
    1
    0
    0
    0
    0
    0
    5
   17
   12
    1
   53
  107
   13
    1
   10
   60
   24
   10
  130
   88
   17
   83
   67
   88
   38
   70
  448
    1
   39
    5
  114
   71
    0
    3
   50
   34
   64
    1
    0
   90
    7
    8
    1
   15
    0
    9
    0
   34
    7
  144
    2
   12
   25
  250
    6
    0
   80
    2
   23
    3
    3
    0
   10
    7
   12
    8
    2
    8
    6
  550
  100
  472
    0
   15
   14
   15
   24
    0
   20
   16
    6
  118
    0
    2
    4
    4
   30
    3
   14
    5
   42
   31
   80
    0
   43
   76
   13
    6
    1
    5
    2
    4
    0
    1
   14
   18
    4
    1
    4
    4
    0
   32
    2
   35
    0
    5
   10
   35
   43
   37
    8
    2
   20
   29
    4
   11
   25
   12
   45
    7
   15
   48
   14
   15
    5
    1
    6
    6
   11
   11
   11
    0
   31
   23
   15
   25
   94
    2
    6
    1
   29
    5
   33
    0
    2
   15
  181
  712
    5
    0
    0
    4
    3
   62
   40
    4
   96
   10
   24
    1
  111
    7
    0
    6
    8
  128
   12
   36
   12
   13
   71
   13
    5
    0
   28
   18
   47
   26
   56
   36
   16
  130
  153
  229
    0
   58
   18
    1
   18
    3
   36
    9
   12
    6
    9
   28
    3
    0
    1
    0
    3
    3
    5
    6
   48
    4
    3
    0
    2
    0
    0
    0
    0
    0
    3
   21
    1
    8
  148
    0
   23
    3
    5
    4
   25
   10
   59
   29
  149
    0
   13
    3
    1
    1
    2
    2
  113
    9
   18
    2
    2
   16
    0
    0
    5
    4
    0
   27
    0
    2
    9
   13
    1
   32
   78
  143
   15
    0
    3
    6
    6
   40
   26
    7
   53
   31
   16
   18
    0
    1
   21
    3
   36
    0
   40
   11
  120
    5
   13
    6
  119
    9
   25
    9
   15
   70
    1
   25
   23
    5
    4
   29
   37
    8
   28
   32
    5
   14
   37
    0
   37
   84
    0
    0
   28
    4
    4
    3
   19
   24
    0
   41
   79
   50
   69
    0
    0
    5
   22
   11
    5
    2
   10
   50
   15
   62
   11
    5
    1
   21
   87
    9
    5
    4
  162
   41
   75
    4
   22
   61
   37
   27
    4
  131
  235
    2
    0
    3
    2
    0
   14
    4
    0
  111
    1
    9
   30
    0
    1
    3
    0
    3
   16
    0
   13
   21
    1
    0
    0
    8
   26
   28
    6
    0
    0
    4
   64
    0
   28
    0
    0
   10
   21
  137
    2
   37
   11
    1
   11
   59
   26
    8
    5
    0
    5
    6
    1
    1
   11
    0
    1
    0
   16
    1
   24
    0
    6
  116
   66
    5
    5
    1
   11
    5
   18
  105
   81
    0
    2
   40
    6
    7
    0
    4
    2
   52
   12
   47
   18
   44
    0
   10
    8
   70
   28
    0
    9
    6
   18
    9
   24
    6
   16
   17
   16
   20
    1
    3
   14
  285
    0
    0
    0
    0
   10
  287
   59
    2
   51
   26
   27
    3
   57
    0
    0
    0
    0
   61
    9
   21
    0
   84
   47
   12
    0
   17
   17
    7
    4
   28
    0
    0
   12
    2
    3
    0
    0
    4
    2
    1
   17
    4
    0
    0
   18
   19
   25
   26
    0
    5
   45
  495
   12
   14
    6
   10
    8
    9
    1
    0
    0
   11
    1
    7
   22
   33
    3
    0
    0
    0
    0
   11
    0
    4
    9
    8
   15
    6
    2
    7
   63
    2
    0
    2
    2
   27
    1
    0
   51
    0
   21
    3
    0
   11
    8
   12
   48
   65
   12
   44
   29
   31
   88
   24
    4
  229
    3
   45
   22
   17
  102
    3
   32
   18
   27
    7
   18
    1
   44
   23
   28
   30
   38
    4
    2
   17
   16
   21
 5198
    6
   29
    0
   10
    1
    0
    2
   21
   19
   26
    3
   30
   21
   42
   89
  260
    1
  174
 2302
  116
  157
   24
    9
   12
   11
   32
   27
    4
    2
   42
   14
  129
  171
    1
   17
   44
    0
    2
    0
    0
   32
   12
    8
   11
    0
    3
    2
    9
   85
   10
    5
    1
    0
   13
   19
    7
   34
   11
    0
   16
    3
    3
    0
    9
    1
    1
   41
   16
   12
   19
    1
   10
   37
   52
    0
   44
   10
   14
    7
   54
    0
   33
    6
   22
   15
    3
  205
   25
   57
   74
   59
   66
   11
   16
   13
   14
    3
    5
   71
   83
    3
   35
   56
   32
    3
   33
   36
   14
    0
    0
    6
    8
   22
   20
    5
   25
  110
    4
   29
   34
   84
   37
  199
    0
   15
   11
    1
    6
    0
    0
    0
   12
    8
    4
    5
    0
    2
    0
    7
   12
    0
   21
  209
    7
    0
   26
   11
   13
   17
    5
    6
    8
  121
    0
   26
   24
   21
    6
   17
   16
   11
    1
   10
   29
   23
   65
   18
    0
    0
   17
  111
   10
    0
    0
    5
    9
   38
   39
   27
   61
   31
   33
   45
   20
   35
   31
    0
   73
   37
   19
  102
    8
    0
   51
   12
   14
    7
    6
    4
   28
    0
   15
   11
   32
    3
  121
   31
   19
    7
    0
   63
    1
   23
    2
  177
  383
  146
   14
   15
   16
    8
   16
   10
    1
   23
    1
    6
    3
  104
   25
   15
  116
    0
    0
    0
   60
    0
   50
    4
    1
    2
   14
   17
    6
    0
    1
   20
  152
   12
  114
    7
   15
    9
   19
   18
   31
    0
    2
    1
   66
   81
    4
    9
    0
   32
    1
    0
    8
   15
    2
    4
    0
   16
    4
    6
  137
   46
    1
    8
    1
    8
    3
    9
    2
    9
    2
   31
   23
   14
   10
   19
   14
    3
   17
    1
    4
   17
    7
   89
    5
   13
   21
    2
    3
    0
  105
   17
    4
    4
  186
    0
    2
   15
   18
   12
   56
   10
   22
    0
   12
    1
   10
    6
   49
    2
   17
    1
    0
    2
    0
    5
    3
    6
   15
   19
    0
   19
   41
   12
    5
   19
    2
    1
   14
   21
    2
    1
    3
  130
    2
    9
    6
    4
  161
    0
    1
    2
   36
   17
    0
    0
   15
   24
    3
    2
   18
    5
  413
    0
   51
  181
    6
    0
   11
    0
    0
    0
   78
    5
   38
   19
   66
   19
   21
    3
    9
   17
    0
    2
   10
    2
   51
    4
   25
    2
   19
   28
  347
  128
    0
    2
   24
   39
   11
    3
    2
   26
    0
   78
    8
   22
    5
    2
    0
  227
   48
    8
    0
    0
    0
   18
   18
   17
   35
    3
   13
    2
    1
    0
   35
   35
   84
    8
    3
    0
    9
    9
   21
    2
    8
   77
   21
   41
   46
    7
    4
   24
   13
   59
    3
    6
   20
   23
    0
    0
   15
    3
   99
   30
  136
    1
    9
    2
    1
   27
    2
   13
   23
   14
   25
   20
   25
    8
   22
   11
   18
    6
   10
   13
    6
    2
    3
   14
   33
    3
  143
    3
   26
   47
   48
    2
  266
  139
    6
    1
    0
    1
   10
  427
    9
   48
    3
  192
    1
    3
  284
    0
    1
    0
    0
    0
    0
    7
    1
    9
    4
    6
    1
    4
    0
    8
  248
 1146
  267
   11
   81
   20
   33
    2
    2
    2
  466
   49
  189
    8
   20
    1
  112
   27
    0
    2
    6
    2
    4
   14
   27
    6
    8
    6
    0
    3
    2
   16
   27
    1
    4
  230
   18
   17
    2
   15
   13
    0
   19
   12
    9
    6
    0
   15
   11
   22
    0
   24
    0
   41
   54
    4
   14
   26
    3
   25
    9
   74
    8
   10
  420
   14
   82
   17
   11
    6
   26
  217
   21
    3
    1
    4
    7
    9
   22
   23
   66
    6
   63
    2
  134
    1
    2
    1
    0
    0
    0
   44
   17
   31
  271
  505
   18
   19
   11
    1
   11
   11
    2
   44
  209
    2
    0
    1
   21
    0
    0
    0
    2
    0
    0
   10
    4
    0
    5
    1
    1
   10
   13
   21
    2
   47
   18
    0
   37
   13
   27
   84
    1
    3
    8
   12
   13
    4
    0
   18
   20
   56
   22
   32
   31
   18
   17
   85
   29
    5
   22
   18
   76
  169
    2
    1
   15
   43
    0
   11
    5
    3
    0
   13
   59
    7
  255
    5
   80
   14
   23
   13
    7
   46
  165
    0
    3
    0
    9
  121
  323
  238
   84
    0
    1
    2
    0
    8
  102
   12
    2
   13
   20
    0
   24
   20
    1
    0
    0
    9
   11
    3
    1
    0
    5
   90
   12
    3
    6
    7
    8
   14
   14
   11
    3
    1
    7
  106
   12
    1
   38
    4
   40
    4
    0
    0
    4
   24
   13
    2
    4
    1
   13
    1
    0
   19
    5
   53
   67
   32
    3
   14
   61
    4
    1
    1
   19
   55
   15
   19
   54
   14
   83
   16
   20
   30
   28
    1
   11
    1
    6
    0
   22
   37
   34
    9
    6
    4
    0
   26
    2
  828
    7
    7
  145
    0
    0
   60
    5
    1
   12
   25
    0
   30
    0
    3
   42
   42
    4
    1
  182
   48
   12
    2
    0
    1
  113
  404
    5
    0
    0
    4
    0
   27
   20
   18
    0
    1
   53
   57
    1
  118
  189
    2
    3
    6
   11
    0
   23
    8
   14
    1
    4
    0
    5
    3
    5
    2
    1
    0
    0
    2
   42
   16
   12
    1
   57
   12
   29
    4
   55
    2
   36
    1
   19
    0
    4
    0
   14
    3
    6
    7
    0
    9
    0
   35
   68
   92
    6
   42
   10
    4
   15
   12
    9
   24
    5
   17
   17
    0
   24
   27
   23
    5
   18
    9
   26
    9
    5
    5
    4
    0
    4
   32
    6
   12
    4
    0
   23
   32
   64
    2
    8
   14
    4
    0
    3
    3
    1
    2
    4
   13
    0
    5
    5
    8
   45
    1
    0
    1
    2
   16
    4
    8
    3
    0
    4
    2
   16
   22
   24
   13
  130
  140
   12
    4
    5
    0
    3
   14
    0
    3
    1
    0
    3
    2
    6
    0
    5
    4
   11
   23
    2
    0
    1
    0
    0
    0
    0
   27
    3
    9
    5
   38
    6
   11
   26
    1
   30
    5
   39
    3
    2
    6
    0
    0
    0
    6
   17
   33
    3
    6
    2
    3
    0
   28
   10
    3
   16
    5
    9
   18
   12
    2
   50
   35
   17
   18
    3
   15
    1
   16
    0
   74
   49
   36
   33
    4
   15
    0
   17
   38
    0
    2
    1
    7
    0
   17
    3
    3
    1
    8
   24
   32
   18
    1
    9
   57
    4
   84
    9
    0
    1
    0
   18
   46
    0
    1
    2
   84
  140
   49
   11
    0
    0
    0
    0
    0
    1
   19
    3
    0
    0
   11
   82
   55
   48
   28
    0
    1
   15
    1
    7
    0
    8
   44
   33
  632
   40
   17
    1
    0
   19
    6
    7
    2
   18
    0
  113
   18
    1
  470
    1
    9
   59
    1
    0
    0
    0
    2
    0
    9
   10
    6
    0
    5
    0
    3
    1
    1
    7
    0
   27
   33
   20
   12
    8
    9
   16
  105
    2
    1
    4
    0
   12
   32
   32
   24
   19
   27
   31
   53
    1
   10
   32
   19
   16
    1
   18
    3
   39
   18
    2
   48
   12
    7
    8
   19
    7
   12
   10
    2
   16
   15
   29
    1
   11
   18
   25
   31
    4
    0
    1
    2
    3
    3
    7
    4
    1
    0
    1
    3
   43
  163
   38
   78
   17
    2
   40
    5
    7
  180
    9
   20
    0
    1
   22
    1
   42
    3
    3
   32
    0
    2
    0
    2
    3
   14
    1
   31
    7
    1
    2
  217
  107
    7
   13
    4
   38
   56
    3
   13
   19
   11
   10
    6
   12
   14
   11
    4
   21
    2
    2
    0
    3
   13
    5
    1
    0
   21
    3
   23
    1
   16
    2
    7
   16
  129
    1
    0
    4
    0
    6
    4
    9
    1
    0
    0
    0
    0
    0
    9
   62
   34
    2
    1
    3
    5
    1
    0
    7
   35
    6
    1
    2
    1
    1
    2
   30
    0
   15
    0
    2
    7
    0
    0
   27
   14
   12
    4
    0
   29
   16
   11
    2
    6
   13
    2
    7
    6
    8
    7
    1
    7
   17
    4
    5
  108
    7
    8
    0
    5
    1
    8
    8
    0
   13
    6
    1
   71
    2
   14
  108
   39
   13
   28
    1
  196
    2
   41
    0
   19
    4
    2
    0
    7
   10
    4
   13
    6
   12
   47
   14
   11
    5
    0
    2
   84
   60
   65
   30
    4
    0
    4
   23
    4
    6
    0
    3
   14
    5
    0
   54
    2
    0
    1
    2
    0
   55
   14
    0
    4
    6
   14
    0
    4
    0
    1
    6
    0
    0
    2
    5
    8
    4
    3
    1
    3
    9
    0
    0
    1
    2
   37
    1
    0
   10
   27
    5
    0
    1
    0
    0
    4
   25
    2
   14
    3
    1
    5
    1
   27
    8
    2
    1
    2
    2
    0
    2
   53
    5
   41
   28
   23
    7
    0
    2
    0
    0
    6
   41
   12
    5
   19
    0
    0
    2
   11
    6
    7
    0
   52
   12
   21
    0
    5
   43
  111
   93
   16
   10
   72
   14
   16
    0
    5
   11
    3
   28
    1
    2
    9
   21
    8
    7
   17
   21
    9
   15
   16
    3
    8
    5
    0
    0
    1
   11
    2
   13
    0
   13
   49
   15
    2
    4
    2
    0
    7
    1
    2
    1
    3
    6
   19
   27
    0
    3
    1
   33
   15
  156
    1
    9
    1
    4
    2
    0
    0
    2
    1
    9
   35
  140
    4
   26
    5
    8
    6
   39
    7
   33
    0
    1
    6
    1
    6
    1
    6
  234
  262
   21
    0
    0
    0
    9
    9
    1
    1
    3
    8
    3
    1
    1
   10
   13
    3
   78
   10
    5
    4
    6
   12
    1
    3
   13
    2
    3
    8
    8
    5
    0
   46
    2
    2
    1
    0
    0
   21
    0
   16
   15
    0
    0
   17
    0
    6
    0
    1
   21
   12
   12
    0
    0
   79
   16
    5
    0
    2
    2
   21
    2
    2
    8
    0
   15
    2
    0
    0
    7
   10
    4
   88
    8
    1
    0
   12
    8
   21
    1
    2
    8
   21
   11
   62
    0
  131
    9
    0
    7
    3
   58
    6
    2
   10
    9
   13
   15
   29
   36
    6
   12
    1
    1
   19
    1
    1
    0
    2
    2
    0
    0
    1
    3
    2
    1
    3
    2
   27
   10
    5
    3
    1
    0
    3
    7
    0
    3
    0
    2
    0
   21
    3
    1
    1
    0
    2
    9
   17
    1
    2
   90
    8
    1
    0
    0
    1
    0
    9
   24
    0
    1
    6
    3
    1
    5
    4
    0
   10
    0
   54
    0
    0
    0
    6
    1
    0
    0
    0
    0
    1
    9
    0
    2
    7
    3
    2
   57
   33
    2
    5
    0
    0
    0
    5
    7
    0
    0
    9
    9
   17
   20
    5
    8
   14
    0
   28
    1
    3
   62
    7
   25
    4
    0
   10
    6
    8
    1
    0
    0
    0
   20
    3
    1
    1
    5
    6
    1
    0
    7
    0
    3
    7
    3
    3
    0
    0
    8
    5
    3
    0
    0
    2
    0
    2
    0
    3
    0
    0
    6
    0
    0
    1
    0
   38
    9
    4
    0
    4
    0
    5
   36
   14
    2
    0
    2
   33
    2
    6
    5
    7
    0
    0
    2
   14
    1
    0
    0
    3
    2
    2
    0
    2
    1
    0
    0
    0
    0
   49
   22
    3
    0
    0
    2
    0
    0
    0
    0
    1
    6
    5
    2
    0
    0
    0
    0
    1
    1
    0
   13
    2
    1
    7
   10
    0
    0
    1
    0
    4
    0
    1
    1
    1
    1
    0
    1
    1
    0
    0
    0
    1
    2
    3
   24
    0
    4
    0
    1
    5
    1
    1
    5
    0
    0
    7
    0
    1
    0
    0
    7
    1
    1
    1
    0
    0
    0
    0
   20
    0
    2
    2
    1
    0
    2
    0
    1
    1
    0
    0
    0
    0
    1
   18
    0
    0
    2
    2
   11
    4
    2
    0
    0
    0
    0
    0
   11
    0
    1
    1
    0
    0
    1
    1
    3
    1
    1
    0
    0
   19
    8
    1
    9
    5
    3
    2
    9
    5
    1
    0
    0
    5
    0
    3
    0
    0
   14
    1
    1
    0
    3
    0
    0
    0
    0
    1
    1
    1
    3
    1
    9
    5
    0
    0
    2
    0
    3
    0
    3
    0
    2
    1
    4
    4
    1
    0
    2
    3
    2
   26
    3
    3
   10
    2
    2
    1
    0
    5
    5
    0
    0
    1
    0
    0
    0
    0
    2
    0
   11
    2
   14
    1
    0
    2
    1
    0
    0
    3
    9
    2
    0
    0
    0
    4
    5
    2
    1
    5
    0
    1
    0
    8
    2
    0
    0
    4
    0
    4
    3
    4
    7
    5
    3
    8
    2
    0
    3
   18
    0
    0
    0
    5
   12
   11
    1
    1
    3
   35
    1
    3
    0
    0
    0
    0
    0
    3
    0
    0
    1
    0
   14
    1
    0
    1
    0
    8
   18
    0
    3
    1
    0
    3
    4
    1
    1
    0
   63
   76
    9
   11
    0
    5
    1
    1
    0
    0
    3
    2
    1
    3
    1
    0
    0
    0
    0
    7
    2
    0
    1
    3
    7
    0
    3
    1
    0
    1
    0
    1
    0
    3
    0
    0
    2
    0
    0
    0
    1
    2
    1
    3
    4
    1
    0
    1
    9
    0
    0
    0
    0
    0
    1
    7
    0
    0
    0
    0
    1
    0
    0
    0
    0
    0
    0
    3
    1
    0
    3
    4
    4
    0
    0
    0
    0
    1
    1
    0
    0
    1
    0
    2
    2
    0
    1
    2
    2
    1
    0
    0
    1
    0
    0
    0
    0
    2
    2
    0
    1
    1
    6
    5
    1
    2
    1
   10
    1
    0
    0
    1
    0
    0
    0
    2
    1
    1
    0
    5
    2
    1
    8
    3
    0
    0
    1
   10
   15
    1
   11
    0
    0
    0
    1
    0
    0
    0
    0
    0
    0
    1
    0
    0
    0
    0
    0
    0
    0
    0
    0
    0
    0
    0
    0
    0
    0
    0
    0
    1
    0
    0
    0
    1
    0
    0
    1
    1
    0
    0
    0
    0
    1
    0
    0
    0
    2
    0
    0
    0
    0
    0
    6
    2
    0
    0
    2
    0
    0
    1
    0
    0
    0
    0
    0
