*vertices 1059
  239
   16
    0
    3
   14
   16
    0
   16
    0
  214
   99
    1
   13
    0
    4
    4
   38
    9
    2
    3
  161
    9
  113
    2
    0
   26
    9
    9
   16
   25
    0
   10
   10
   69
   39
  164
    7
    0
   30
   58
   63
    7
   38
    0
    0
    3
    8
    1
    4
    1
   10
   27
   16
    7
    8
    5
   29
  124
   74
   39
   37
   47
    5
    9
   12
    8
    5
    9
    4
   12
  106
   42
   52
   33
   30
   29
   12
    2
    0
    1
   22
   17
   12
  104
    5
    3
   33
    0
    3
   54
   88
  162
    0
    2
   15
    2
    0
   13
   26
   10
   13
   16
    1
   21
    0
   22
    0
    0
    2
   16
    7
    2
    1
   10
    0
    1
    0
    3
    8
   31
   20
   11
    3
   65
    1
   49
   10
   16
    9
   15
   10
   19
   16
    4
   10
  131
    0
   26
   11
   15
    7
    3
   41
   10
   10
   13
    1
    2
    1
   11
    2
    1
    6
    3
    0
   32
   16
   16
   64
   18
    7
    1
    9
    1
    5
   23
   10
    0
    5
    0
    6
   24
    0
   49
    4
   24
   84
   14
   24
   97
   15
    6
   17
   55
   33
    1
    0
   10
    0
    7
   22
   11
    9
    4
    2
    5
    8
    9
    4
   20
    0
   15
    8
   11
   31
   17
   12
    1
   15
   16
   17
    3
   16
   18
   14
   11
   10
   46
    1
    6
    0
   11
   14
   14
   14
    2
   10
   11
    4
    7
   11
   11
    7
   38
   19
   24
   32
   10
   11
   13
   17
    4
    1
   22
    1
    2
    4
    7
    5
    3
    1
    1
    5
   12
   23
  129
    0
    2
   19
   11
   24
    0
   54
    8
   22
    9
   12
    3
   22
   13
   11
    6
    5
    7
   10
    9
   14
    5
    0
   10
   26
   12
    0
    1
    1
    3
    7
   17
    7
    4
    5
    0
    6
    5
    2
    3
   28
    1
    4
   21
   19
   19
   32
    1
    9
   21
   15
    0
    0
    9
   13
    4
   15
    3
    4
   68
    3
    4
    6
   16
    4
   48
    7
    4
   14
    8
    0
    0
    3
    3
    0
    1
    6
    0
    3
    1
    9
   13
   62
   15
   13
    5
    4
   26
   62
   35
    3
    1
    7
   25
   35
    3
    5
    3
    0
    0
   19
   11
    2
    6
    3
    5
    3
   14
    9
   19
    3
   12
    0
   49
   22
   37
    8
    2
   17
    6
    0
    0
   12
   59
    3
    1
    0
   49
   24
    7
    0
    0
    4
   12
    6
    8
    4
   66
    5
    0
    5
    7
    1
   15
    0
    3
    2
    9
   51
    0
   14
    4
    1
   66
   10
   45
    9
   13
   37
    0
    0
    2
    4
    9
   22
    3
   16
   10
   20
    0
   33
    8
    4
   19
    6
    6
    0
   20
   22
    9
    0
    2
    0
    0
    0
    1
    2
   16
   43
    6
    6
   61
   12
   55
    2
    8
    0
   54
    0
    3
    0
    0
   12
    0
   31
   16
   21
    1
   18
    2
    8
    1
    7
   62
    2
   12
    0
    6
   12
    2
    6
    1
    7
    7
    0
    2
    0
    0
    3
    4
    7
    1
    1
   20
   27
    2
    0
    7
    0
   28
   17
   82
   17
    5
   19
    6
    6
   11
    2
    1
    1
    3
    1
    5
   13
    8
    1
    4
    0
    0
    3
   21
   29
    2
   12
    9
    9
   11
   33
   16
    1
    5
    5
    2
    5
    7
   11
    0
   12
   15
   21
    3
   15
   19
    7
   11
   16
    0
   30
    0
    1
    1
    0
   13
    4
   14
    0
    0
    0
   24
   15
    5
    9
    5
    8
    4
    8
   51
   18
   10
   13
    3
    6
    5
    1
    1
    0
   18
    9
    5
    0
    7
    5
    4
    1
    8
    8
   15
   16
   15
    4
    0
    7
    1
   11
    0
    0
   19
   10
    7
    0
   30
   20
   18
    5
    1
    0
   19
    6
   35
    0
    0
   16
    0
   21
    1
    5
   12
   10
    5
    6
    0
    5
    8
    2
    1
   17
    2
    2
   14
    5
    5
   13
    2
   10
   16
    1
    5
    1
    1
    1
    1
    1
    5
    4
   12
    1
    1
    2
   17
   12
    5
   47
    3
    3
    0
    0
    6
   22
   22
   21
   16
    0
    1
    0
    4
    0
    5
    1
    6
    7
    0
   19
    0
   27
    4
   29
   14
    1
    5
    0
    0
    0
   13
   31
   19
    6
   10
    2
    2
    3
   12
    3
   10
    6
   32
    5
    0
    1
    5
   17
    1
    5
    1
   14
    0
    1
   27
    0
    0
    4
    0
    0
   24
   17
    8
    8
    9
   14
    6
    3
    3
    8
    0
    4
    9
    0
   20
    1
   15
   26
   13
   23
    1
   11
    1
   12
   11
    9
    2
    0
    0
    8
   11
   10
    5
    2
    0
   19
    4
   12
    1
    4
    0
    0
   16
   14
    3
    4
    4
    2
    6
    2
    1
   15
    0
    0
    0
    1
   12
   12
    2
   16
   12
    2
    0
    3
    2
   10
    2
    5
    2
   10
    5
    0
    5
    3
    4
   10
    1
    1
    1
    3
    5
   28
    0
    4
    9
   11
    0
    1
    2
    0
    2
    6
   10
    2
    4
    1
    7
    9
    1
   14
    0
    4
    7
    7
   12
    0
    2
    1
    4
    8
    7
    5
    5
    5
    0
    0
    1
    0
    1
    5
    2
    6
    3
    5
   10
   16
    1
    2
    4
    0
    1
   12
    1
    0
   14
    8
   18
   25
    0
   70
    0
    0
    2
    1
    3
    3
    1
    9
   25
    4
    5
    5
    3
    3
    0
    2
    4
    5
    2
    3
    2
   12
    4
   11
    1
    2
    1
    0
    2
    0
    4
    5
    6
   10
    2
    6
    0
    4
    2
    0
    0
    3
    1
    0
    4
   12
    4
   41
   20
    4
    6
    0
    4
    5
    0
    7
    5
    2
    1
    1
    3
    6
    2
    5
    5
    4
    3
    4
    0
    9
    1
    5
    2
    3
    4
    5
    4
    0
    6
    0
    0
    0
    2
    8
    0
    2
    5
    3
    2
    9
    2
    3
    5
    2
    0
   16
    7
    1
    2
    6
    5
    0
    1
    1
    4
    2
    3
    0
    0
    1
    2
    5
    4
    0
    3
    0
    0
    4
    1
    3
    2
    2
    0
    0
    1
    0
   10
    1
    0
    0
    0
    0
    8
    3
    0
    0
    1
   14
    0
    0
    1
    2
    4
    5
    4
    2
    0
    0
    0
    2
    2
    2
    1
    1
    0
    0
    1
    4
    1
    0
    1
    0
    0
    2
    0
    0
    0
    0
    0
    0
    0
    0
    0
    0
    0
    0
    0
    0
    0
    0
    0
    0
    1
    0
    0
    0
    0
    0
    0
    0
    0
    0
    1
    0
    0
    0
    0
    0
    0
    0
    0
    0
    0
    0
    0
    0
    0
    0
    0
    0
